steps	episodes	elapsed	mean	median	stdev	max	min	average_value	average_entropy	average_value_loss	average_policy_loss	n_updates	explained_variance
2000	0	206.02210807800293	-13865.9	-13856.0	283.00714143862723	-13225.0	-14477.0	-690.80273	2.3024838	9831.8554296875	0.0010281361546367407	768	0.1270864828264432
4000	4	416.28274416923523	-13831.3	-13866.5	346.28298436850446	-12972.0	-14488.0	-1568.622	2.3024814	4646.229541015625	-0.0009539077989757061	1792	-0.29870528804183216
6000	8	623.103502035141	-13769.15	-13746.0	362.31351282963124	-13145.0	-14387.0	-1967.0817	2.3022645	7571.406108398438	-0.0005188588425517082	2816	-0.7951315016016158
8000	12	830.9396543502808	-12925.95	-12938.5	281.9524922655177	-12372.0	-13474.0	-2106.2705	2.2916195	6355.365935058594	0.0010368446446955204	3840	-0.3164576707023925
10000	16	1038.270262002945	-12810.35	-12744.5	385.5708379177963	-12228.0	-13727.0	-2072.3376	2.26864	3825.69263671875	-0.005041042715311051	4864	0.03146940287678712
12000	20	1247.1812081336975	-13201.55	-13187.5	229.82635893899962	-12741.0	-13658.0	-2073.7654	2.2933466	3851.438074951172	0.004302642066031695	5888	-0.27247450471077994
14000	24	1453.3080673217773	-12377.0	-12372.5	277.81989622207067	-11793.0	-12827.0	-2113.2122	2.2691762	3959.3478540039064	0.0001568782702088356	6912	-0.8053909163731388
16000	28	1661.7998037338257	-11995.15	-11905.0	326.5475342201548	-11396.0	-12530.0	-2059.6404	2.2373233	3866.897126464844	0.0004698485508561134	7936	-0.3303941388399221
18000	32	1873.5194628238678	-12152.35	-12146.0	298.9357042294511	-11534.0	-12738.0	-1995.3827	2.2566915	4742.70166015625	-0.002057366408407688	8960	-0.6487470178926451
20000	36	2085.5558631420135	-11320.1	-11341.0	292.70874692484983	-10713.0	-11831.0	-1988.1027	2.2390776	4488.3371069335935	-0.001645191516727209	9984	-1.057705810907775
22000	40	2291.9958822727203	-11522.95	-11506.0	301.66894978296637	-10779.0	-12047.0	-1984.1396	2.2340152	4099.746540527343	0.0018444432504475118	10752	-0.34957067738519765
24000	44	2503.103278160095	-11188.35	-11211.5	292.4521148387958	-10702.0	-11874.0	-2019.8226	2.2051778	4602.427385253906	-0.0019272148236632346	11776	-0.4545680479003813
26000	48	2714.648138999939	-11328.05	-11307.5	320.3319782909435	-10540.0	-11843.0	-1998.171	2.1957734	2722.2958837890624	0.00012541022151708604	12800	-0.8123006422767627
28000	52	2927.4761657714844	-11789.1	-11746.5	394.72120740966955	-11043.0	-12634.0	-1925.7678	2.2221382	4124.252863769531	0.0009638301283121109	13824	-0.04333443797334602
30000	56	3138.0851123332977	-11390.3	-11367.5	248.19900758951687	-10949.0	-12014.0	-1952.0563	2.2324424	3612.683703613281	0.00070819778367877	14848	-0.15223407640897646
32000	60	3336.760446548462	-11406.7	-11427.0	452.16474640858155	-10528.0	-12549.0	-1884.0308	2.1948879	3155.368317871094	-0.004642969788983464	15872	-0.3055268953682455
34000	64	3537.1808104515076	-11685.25	-11680.0	190.15059821099695	-11355.0	-12061.0	-1898.7642	2.247209	4011.2373095703124	0.003187076784670353	16896	-0.37044638177806877
36000	68	3739.698692560196	-11565.15	-11557.0	288.32096059043204	-10955.0	-12061.0	-1880.8344	2.2388716	2743.7750439453125	-0.0024520468153059484	17920	-0.438933108795609
38000	72	3941.9110400676727	-11559.15	-11514.0	317.95634837770456	-11048.0	-12132.0	-1855.5914	2.2234194	3370.7712048339845	-0.00028713496401906014	18944	0.10997838667178306
40000	76	4148.226097822189	-11432.85	-11414.5	365.776071128944	-10802.0	-12243.0	-1854.1111	2.219857	3348.1262438964845	0.00041021157056093217	19968	0.1382563609109151
42000	80	4356.270810842514	-11256.15	-11233.5	238.38895130702505	-10846.0	-11684.0	-1824.212	2.221891	3207.1574768066407	-0.002587285339832306	20992	-0.6407695727055844
44000	84	4560.104467391968	-10814.45	-10780.0	245.76314549624914	-10312.0	-11243.0	-1831.7145	2.1811323	3754.974943847656	-0.001342186350375414	21760	-0.6410240142638015
46000	88	4770.105882406235	-11015.65	-11002.0	323.6717432344397	-10446.0	-11810.0	-1864.7437	2.1909883	4207.872839355468	0.0002678731828927994	22784	-0.0980636088093556
48000	92	4977.1759922504425	-10859.1	-10908.0	274.99529182572525	-10208.0	-11266.0	-1799.2185	2.1799748	4253.293757324219	-0.0027521649934351446	23808	-2.1825415687913643
50000	96	5187.043585062027	-10601.4	-10509.0	356.71474671832084	-9909.0	-11363.0	-1816.5327	2.171075	1331.5518383789063	-0.0029274111986160277	24832	-0.26426955727494295
52000	100	5399.437645196915	-10362.8	-10346.0	288.0061402854204	-9866.0	-10873.0	-1840.9976	2.1449873	1491.4978106689452	0.004670140147209167	25856	-0.406307720453553
54000	104	5613.297133922577	-10301.3	-10286.5	323.22683903674243	-9828.0	-10867.0	-1791.7467	2.1450095	1970.2240454101564	0.0011030221171677112	26880	0.10354447073504092
56000	108	5824.275424003601	-10235.95	-10278.5	312.26531819491004	-9539.0	-10951.0	-1752.683	2.1634552	1790.1336724853516	-0.0029308873042464254	27904	0.11401079664330105
58000	112	6032.974729061127	-10399.9	-10434.5	367.67733279688537	-9619.0	-11051.0	-1736.8035	2.1415908	1691.0384338378906	-0.002381010456010699	28928	-0.30175460809351584
60000	116	6245.559550046921	-10725.4	-10737.5	354.86786273203154	-10113.0	-11458.0	-1713.971	2.1665027	2346.3893505859373	0.009091347698122263	29952	0.10793461264429538
62000	120	6456.072682857513	-10770.75	-10824.0	331.47181748901926	-10154.0	-11561.0	-1756.4023	2.1664755	3068.1401025390624	-0.001951059065759182	30976	-0.17884783504983326
64000	124	6665.250549554825	-10733.35	-10748.5	288.6265616766121	-10276.0	-11462.0	-1737.4038	2.1788995	1442.883696899414	-0.00028764436952769754	32000	-0.25055356511034677
66000	128	6868.875275611877	-10345.7	-10376.0	288.2466232056738	-9596.0	-10862.0	-1750.3015	2.1453886	4477.824416503906	-0.0004556924290955067	32768	-0.38973189866744473
68000	132	7080.185080289841	-10641.65	-10673.0	256.37272927476016	-10096.0	-11168.0	-1676.18	2.1425009	2864.714757080078	-0.006065005548298359	33792	-0.12814930824411896
70000	136	7293.806490421295	-11113.05	-11173.5	297.9391451463307	-10570.0	-11559.0	-1677.6904	2.1912446	2876.95333984375	0.003385240640491247	34816	-0.3155566172549351
72000	140	7501.4296875	-11284.05	-11191.0	374.7725590976901	-10862.0	-12200.0	-1756.3	2.2065141	3296.0345568847656	0.0031582673732191324	35840	-0.2838700635759477
74000	144	7710.016340255737	-10653.35	-10680.5	315.05175431147313	-10043.0	-11204.0	-1827.5217	2.1712856	4790.858271484375	-0.0015131511725485324	36864	0.10454404652056493
76000	148	7920.522175312042	-10458.85	-10462.0	221.81482912792967	-10055.0	-11042.0	-1801.025	2.1586108	4018.8325524902343	-0.0013272145204246044	37888	-0.7433091573939745
78000	152	8126.219134569168	-9901.35	-9933.5	335.05573377699733	-9024.0	-10782.0	-1862.3397	2.1118999	1607.261572265625	-9.449779987335206e-05	38912	0.0984909216084372
80000	156	8332.734105348587	-10517.15	-10527.0	394.69112173818576	-9631.0	-11134.0	-1777.3618	2.1451275	3435.304608154297	-0.002728623952716589	39936	-0.12278731486030914
82000	160	8548.225055932999	-10440.75	-10407.0	206.43435939019963	-10084.0	-10909.0	-1770.6176	2.1293533	2124.4390270996096	-0.006547623686492443	40960	-0.15255569573733396
84000	164	8764.297149896622	-10667.75	-10724.0	371.90432768034367	-9856.0	-11515.0	-1746.857	2.152787	2415.0861096191406	0.0025936543941497804	41984	-0.596787207302546
86000	168	8973.733560800552	-10583.7	-10592.0	331.9369153762107	-9852.0	-11195.0	-1743.6835	2.168992	4128.05857421875	0.000684112049639225	42752	-0.7830102617370207
88000	172	9188.717287778854	-11110.0	-11199.5	297.26950380881124	-10517.0	-11451.0	-1716.6635	2.1778505	2187.289345703125	-0.0007137580402195454	43776	-0.6076868334791246
90000	176	9399.80690407753	-10458.25	-10476.5	249.82306896976846	-10094.0	-10868.0	-1713.1107	2.157437	3513.742939453125	-0.0005535213835537434	44800	-0.25029852195661895
92000	180	9598.94724869728	-10461.95	-10471.5	286.71211950959486	-10010.0	-11168.0	-1665.0422	2.1303155	3181.623232421875	0.0031721715629100798	45824	-0.021901018598740496
94000	184	9789.597534179688	-10665.6	-10610.5	289.55054099323263	-10063.0	-11096.0	-1739.4678	2.1638656	3049.109459228516	-0.0046778063103556635	46848	-0.7505071733457676
96000	188	9981.417310714722	-10283.2	-10279.0	324.10501871753655	-9723.0	-10882.0	-1716.4985	2.1135025	2983.5654748535158	0.004725339263677597	47872	0.05127064960797367
98000	192	10174.624909877777	-10516.55	-10492.0	273.669888542267	-10010.0	-10956.0	-1728.5034	2.1589913	3230.7374609375	0.00216312650591135	48896	-0.7420368639181893
100000	196	10370.632533550262	-10786.7	-10812.5	257.22018010380054	-10229.0	-11131.0	-1725.7218	2.154236	4144.041906738281	0.00450168639421463	49920	-0.22207776398264922
102000	200	10565.151222467422	-10998.1	-10982.0	253.0366938233517	-10567.0	-11602.0	-1812.0437	2.192306	2783.3344348144533	-0.0007642932608723641	50944	-0.3122853669223109
104000	204	10763.114495754242	-11432.3	-11488.5	281.08101473081615	-10879.0	-11773.0	-1976.913	2.1971505	1355.5129425048829	0.0027313581481575966	51968	0.039327448089225836
106000	208	10967.946353197098	-10766.9	-10689.0	284.42849439015885	-10193.0	-11309.0	-1910.0349	2.2010708	2208.9064624023435	-0.00353846400976181	52992	0.0536510126089792
108000	212	11164.749169111252	-11828.3	-11776.5	387.54586825303664	-11222.0	-12529.0	-1804.9537	2.2312198	5429.399477539063	-0.00105443530716002	53760	-0.4633802085749734
110000	216	11362.10043001175	-11289.6	-11223.5	311.8907366032973	-10790.0	-12129.0	-1795.6768	2.220398	3417.1330383300783	-0.0014842671528458595	54784	-0.7712524395365024
112000	220	11568.227761507034	-11043.15	-11081.5	371.27522420067726	-10249.0	-11727.0	-1750.005	2.1955369	3777.4709460449217	0.0035808067582547664	55808	-0.057207705555304855
114000	224	11771.347338199615	-11417.3	-11424.0	369.1156002064793	-10643.0	-12178.0	-1747.582	2.2010217	3224.973494873047	-0.0027398275770246982	56832	-0.10661708413402016
116000	228	11975.726409196854	-11305.9	-11328.0	311.1936104066	-10690.0	-11895.0	-1785.0018	2.2121274	2716.454713134766	-0.0014031971246004104	57856	0.1281870243400467
118000	232	12169.560333967209	-10805.4	-10748.0	314.0322477574221	-10251.0	-11296.0	-1762.7561	2.1908667	2361.239033203125	0.00027570216916501523	58880	-1.2649610629245336
120000	236	12367.38557267189	-11546.5	-11658.5	359.39430039706355	-10948.0	-12109.0	-1734.8005	2.2167299	3837.6529455566406	-0.0005685839615762234	59904	-0.41685279843071776
122000	240	12567.456162691116	-11372.3	-11369.0	252.78576325668175	-10790.0	-11838.0	-1779.5608	2.2055166	3600.5630932617187	-0.0020179903134703637	60928	-0.2856998954477341
124000	244	12766.688527345657	-11162.35	-11118.5	381.2612414218449	-10666.0	-12108.0	-1772.6034	2.2011817	2417.945559082031	-0.00046641089022159577	61952	0.20338034968496188
126000	248	12963.578592538834	-11342.3	-11313.5	291.62992049224954	-10595.0	-11777.0	-1790.0155	2.2266567	3313.1068896484376	0.0025251929461956022	62976	-1.5674657594678343
128000	252	13163.71622467041	-11606.6	-11565.5	288.369901342009	-11145.0	-12255.0	-1738.0232	2.2223678	4070.8097534179688	-0.001830383948981762	64000	-0.8153978044235553
130000	256	13362.507521629333	-11399.9	-11414.0	276.2395794652857	-10817.0	-11860.0	-1804.1887	2.2044404	3131.099367675781	-0.0013029911555349828	64768	-0.6071337096974425
132000	260	13557.929469108582	-11622.05	-11607.0	316.38159421479423	-11126.0	-12150.0	-1748.3164	2.2179468	3879.145421142578	-0.0005378474667668342	65792	-1.286858276722564
134000	264	13752.2530772686	-11003.05	-10989.0	281.7842539771761	-10456.0	-11712.0	-1768.646	2.2115986	3449.141884765625	0.00010625995695590972	66816	-1.0809916111795728
136000	268	13945.779784202576	-10446.95	-10454.5	284.6052621845877	-9861.0	-10898.0	-1731.5123	2.163368	2984.777978515625	0.002412405852228403	67840	-0.1696156441297736
138000	272	14140.127272367477	-10802.65	-10718.5	317.1561586149139	-10348.0	-11393.0	-1701.6482	2.1892748	3104.2791833496094	-0.0008460745960474015	68864	-0.9879084816671664
140000	276	14336.170890808105	-10999.45	-11032.5	355.08656839231696	-10344.0	-11699.0	-1670.7146	2.183597	2872.0524633789064	-0.00421911234036088	69888	0.10116024130652224
142000	280	14532.394507169724	-11156.55	-11189.5	292.9902953305702	-10648.0	-11564.0	-1701.7021	2.2132611	3436.9270678710936	-0.0056730064004659655	70912	-0.5218134377105947
144000	284	14727.653423786163	-11049.15	-11067.0	307.59838391882636	-10526.0	-11599.0	-1720.3174	2.2087169	3092.711036376953	0.001218593381345272	71936	-0.5136004425395051
146000	288	14918.73350596428	-11739.85	-11695.5	382.0347566166695	-11211.0	-12530.0	-1755.3683	2.2288082	4314.320275878907	-0.00010429441928863525	72960	-0.5267162675285171
148000	292	15110.307480096817	-11541.15	-11521.5	303.3502882286764	-10947.0	-12235.0	-1771.2136	2.2429898	2212.719627685547	-0.00043215613812208175	73984	-0.48996829836952704
150000	296	15298.182218551636	-11364.95	-11331.0	253.6092051708069	-10942.0	-11816.0	-1827.9181	2.2006228	3257.724813232422	-0.006234134742990136	74752	-0.4674973607931814
152000	300	15491.637911558151	-11741.3	-11763.0	400.10697253820035	-10988.0	-12413.0	-1841.9823	2.2418947	2591.9094750976565	0.0018386781588196754	75776	-0.2481873540512467
154000	304	15687.530067443848	-11494.55	-11472.0	320.4783390331922	-10812.0	-12168.0	-1950.8123	2.215503	3800.5173950195312	0.0016658098809421062	76800	-0.9399943252027887
156000	308	15883.064249277115	-10665.1	-10711.5	265.6519091632982	-9965.0	-11133.0	-1877.408	2.1910684	3690.248994140625	0.009592587351799011	77824	-0.8912254984095185
158000	312	16078.969722270966	-11331.9	-11310.5	295.4687444508614	-10775.0	-11985.0	-1757.1516	2.1981745	4031.643270263672	-0.0018821515329182149	78848	-0.7121440900865956
160000	316	16278.724954128265	-10840.65	-10784.5	318.95227740707213	-10383.0	-11652.0	-1723.0348	2.206551	3582.9548095703126	0.002227641139179468	79872	-1.8536844847355747
162000	320	16477.042818069458	-11507.45	-11504.0	223.29811911433558	-11016.0	-11927.0	-1766.1272	2.2278214	3019.1012353515625	-0.0026979663781821726	80896	-0.5642793831801838
164000	324	16674.94961953163	-11883.6	-11846.5	308.8096671516547	-11379.0	-12628.0	-1788.1746	2.2405233	4564.035551757813	0.00020568612962961196	81920	-0.714984387976175
166000	328	16877.045442342758	-11184.95	-11131.5	332.7591945821293	-10694.0	-11812.0	-1793.4254	2.212413	3204.108000488281	0.0016136488644406199	82944	-0.3372086080791883
168000	332	17083.693147182465	-11337.2	-11294.0	304.1643600008667	-10960.0	-11938.0	-1782.6	2.1963394	3387.403415527344	0.00040939727798104284	83968	-0.2514064980785713
170000	336	17293.517962694168	-11099.05	-11079.5	238.97885284113144	-10678.0	-11537.0	-1757.7437	2.2172651	3904.039954833984	-0.003787842374294996	84992	0.1921734538933001
172000	340	17492.111947774887	-10749.65	-10707.0	458.1311321123312	-10076.0	-11750.0	-1716.8877	2.1881368	4742.536662597657	0.0017036443762481212	85760	-0.8334303628385422
174000	344	17682.274616241455	-11026.15	-11018.0	322.8236075304087	-10338.0	-11674.0	-1710.6826	2.1668675	6454.278073730468	-0.001869212370365858	86784	-1.42497188103584
176000	348	17873.79530119896	-11273.95	-11328.5	275.51014404860706	-10654.0	-11578.0	-1724.8807	2.1954346	7658.48564453125	0.004631409794092179	87808	-0.6056805299230357
178000	352	18064.52805709839	-11505.55	-11460.5	361.4263374028255	-10857.0	-12357.0	-1759.412	2.2111378	5235.482761230469	0.0012719249725341797	88832	-1.455523145820142
180000	356	18268.181723356247	-11142.05	-11172.5	313.2062503577441	-10486.0	-11592.0	-1907.9395	2.2174711	2675.9869836425783	0.00014585833996534349	89856	-1.422828684283072
182000	360	18470.710631608963	-11487.85	-11521.0	349.3816003048514	-10965.0	-12243.0	-1827.2341	2.22158	3616.9589233398438	-0.0032442053221166133	90880	-0.9036996539635145
184000	364	18661.899830579758	-11529.0	-11528.5	289.85913094031326	-11125.0	-12159.0	-1824.8297	2.2274225	2741.0522668457033	0.00020472496747970582	91904	-0.7203910016922928
186000	368	18854.433965206146	-11414.7	-11393.0	333.1037612958966	-10849.0	-12300.0	-1790.7545	2.2114854	3113.523370361328	-0.005608896110206842	92928	-0.1947884046940016
188000	372	19048.850482225418	-11277.45	-11259.5	349.12921375149466	-10732.0	-12102.0	-1756.7397	2.1857886	3606.2656994628906	0.003982282001525164	93952	-0.0952116852761764
190000	376	19242.9714345932	-11173.1	-11171.5	257.12067615278073	-10768.0	-11845.0	-1701.215	2.2015035	4098.715357666016	0.0006901079323142767	94976	-0.7321064087476341
192000	380	19436.5561876297	-11876.35	-11921.0	296.6199544339879	-11292.0	-12358.0	-1708.0057	2.2378628	2844.649001464844	0.003291871137917042	96000	-0.31642827869811185
194000	384	19625.394362449646	-12159.75	-12062.5	384.3624762615294	-11265.0	-12701.0	-1830.098	2.2423322	5206.5380029296875	-0.0035324147529900074	96768	-1.8778799027928446
196000	388	19818.876387119293	-12211.9	-12295.5	332.4744390649888	-11602.0	-12632.0	-1816.6011	2.245549	8459.474350585937	-0.001909793484956026	97792	-0.15195037629267105
198000	392	20014.831660985947	-11888.9	-11855.0	347.86883493033616	-11254.0	-12696.0	-1839.1808	2.2526207	9567.673056640626	0.003597535388544202	98816	-0.07308639701961028
200000	396	20209.2070479393	-11674.1	-11677.5	316.4892781089033	-11160.0	-12302.0	-1795.245	2.2242074	6526.480080566406	0.004573450703173876	99840	-0.4626560828287929
202000	400	20402.952214241028	-11683.55	-11636.5	353.04382835115825	-11187.0	-12516.0	-1826.4385	2.2252765	6329.351726074219	0.0008634604886174202	100864	-0.6137545310015862
204000	404	20592.71743440628	-11595.05	-11551.0	322.6354427947562	-11104.0	-12302.0	-1866.132	2.2209823	4527.815170898438	0.00819582151249051	101888	-1.9132434378958503
206000	408	20785.149406433105	-10885.4	-10843.5	324.99561130640063	-10354.0	-11641.0	-1975.7202	2.1976645	2631.39734375	0.001461626850068569	102912	-0.9442417642151297
208000	412	20978.799931526184	-11555.8	-11512.5	273.2944431040978	-11140.0	-12212.0	-1842.724	2.204619	2768.174294433594	0.002147301509976387	103936	-0.40400786112669795
210000	416	21172.622285842896	-11600.45	-11604.5	380.846629580935	-10969.0	-12302.0	-1743.7594	2.2333705	3210.8519506835937	0.0019273573905229568	104960	-0.7185091431987509
212000	420	21367.80640053749	-11784.85	-11832.0	340.8167087268	-11077.0	-12217.0	-1708.8654	2.2363162	3211.3953747558594	0.0024286902882158755	105984	-0.9234410422321706
214000	424	21559.444400310516	-11642.05	-11641.5	293.0752508001639	-11116.0	-12204.0	-1812.2906	2.2409086	5563.027033691406	0.005644974671304226	106752	-0.9305412629778536
216000	428	21751.795117616653	-11579.75	-11560.5	338.17573678099444	-11057.0	-12185.0	-1747.7052	2.2262135	4745.617121582031	-0.0023681704327464105	107776	-0.8599392467662512
218000	432	21945.023954629898	-11490.2	-11477.5	332.54292955947807	-10778.0	-12051.0	-1715.586	2.2149866	4756.542260742188	0.0019383243471384048	108800	-0.6978104081328567
220000	436	22142.971949338913	-11397.1	-11494.0	389.8835048683402	-10719.0	-11938.0	-1721.13	2.2148657	7669.84408203125	-0.004956609103828669	109824	-0.7401131153280338
222000	440	22336.619321107864	-11703.5	-11798.5	304.15240293400007	-11117.0	-12129.0	-1738.9525	2.2176638	4135.006853027344	0.0091709004342556	110848	-0.14177857096069646
224000	444	22527.81421804428	-12104.25	-12133.0	268.3487273561852	-11536.0	-12629.0	-1790.9182	2.2401845	5041.512709960937	-0.005007832013070583	111872	-1.370583965558
226000	448	22723.18501138687	-11790.8	-11739.0	337.93157202075844	-11226.0	-12401.0	-1817.049	2.250223	8023.24865234375	-0.0006383091025054455	112896	-1.8256990751891609
228000	452	22917.4479033947	-12292.95	-12247.0	265.3959256816522	-11895.0	-12894.0	-1916.7025	2.2486818	7847.5351171875	-0.004059513881802559	113920	-0.3809111694657843
230000	456	23117.86652302742	-12301.65	-12288.0	300.80633304503414	-11765.0	-12836.0	-2019.1086	2.245579	5202.659521484375	-0.002060459405183792	114944	-0.15509273837189363
232000	460	23319.922458410263	-12125.75	-12072.5	304.52532087271754	-11604.0	-12643.0	-2132.13	2.2616134	3372.875661621094	-0.004632257279008627	115968	-0.6030589222898575
234000	464	23514.45490860939	-11527.55	-11477.5	352.80223698419576	-10979.0	-12395.0	-1992.1053	2.2156124	4000.7344140625	0.00031709692440927027	116992	-0.36603017127251647
236000	468	23706.38621520996	-11527.15	-11555.5	272.1747261943095	-10791.0	-11902.0	-1886.5944	2.217874	4581.667561035156	0.004066712828353048	117760	-0.8764768846320528
238000	472	23908.22327566147	-11314.4	-11330.0	278.0288512101993	-10855.0	-11840.0	-1788.4962	2.18952	2954.9833642578124	0.0010984408110380174	118784	-1.368562362492613
240000	476	24105.979890584946	-11092.35	-11113.0	302.86739759557446	-10443.0	-11659.0	-1761.1254	2.200464	5222.024438476563	-0.0009560923650860786	119808	0.07789622611825464
242000	480	24308.01165175438	-11072.75	-11038.5	315.2288850977968	-10415.0	-11754.0	-1695.8556	2.1971257	4612.929870605469	0.00295446639880538	120832	-0.44688547881361207
244000	484	24509.231339931488	-11707.4	-11686.5	293.94833058316823	-11160.0	-12207.0	-1674.7083	2.2190833	5394.636787109375	-0.002666078321635723	121856	-0.4826161347594804
246000	488	24718.56368279457	-12151.55	-12174.0	274.69475403570567	-11528.0	-12706.0	-1768.952	2.2457778	3862.9791015625	-0.004759058319032192	122880	-0.6846437083011339
248000	492	24920.630197048187	-12136.15	-12137.5	327.9241367659359	-11644.0	-12777.0	-1823.6913	2.2406695	5844.0447680664065	-0.0012864058092236519	123904	-1.1077080444715888
250000	496	25123.415981292725	-11438.55	-11503.0	343.74309179661304	-10537.0	-11893.0	-1890.301	2.225874	7093.342932128906	-0.0034261296223849057	124928	-1.3590710728324056
252000	500	25322.168828725815	-11350.6	-11339.0	341.77838310503887	-10533.0	-11800.0	-1861.7397	2.187822	4092.531846923828	0.004170224405825138	125952	-0.6840227679468254
254000	504	25520.955178022385	-11294.2	-11274.0	343.2994089865672	-10631.0	-11869.0	-1815.0762	2.184612	7376.977663574219	-0.0024066706374287605	126976	-1.719872846255329
256000	508	25720.12442088127	-11442.0	-11429.0	381.91001971393047	-10797.0	-12351.0	-1878.4926	2.2153769	7090.378049316406	-0.005241101067513227	128000	-0.5832826012482097
258000	512	25912.493597507477	-11603.2	-11604.5	340.6377300856362	-11090.0	-12573.0	-1796.0425	2.2138782	5080.2302758789065	0.0013545246608555317	128768	-1.8080360497029253
260000	516	26099.022714614868	-12190.65	-12292.5	298.196733894359	-11583.0	-12687.0	-1864.7472	2.2405698	8414.078056640625	-0.000948956785723567	129792	-2.766813497833741
262000	520	26286.78470134735	-12304.2	-12344.5	297.52020718635316	-11822.0	-13013.0	-1935.3525	2.2597404	7252.983596191406	0.0017363311536610125	130816	-0.7781103302051209
264000	524	26472.129992723465	-12688.95	-12770.5	272.9219041950896	-12227.0	-13160.0	-1914.0167	2.2821636	4056.7387341308595	0.0018506435304880143	131840	-0.2746973381176485
266000	528	26663.44359087944	-12540.9	-12576.5	166.08872074254393	-12194.0	-12837.0	-1945.117	2.2704194	6081.289521484375	-0.0009808725118637086	132864	-0.3769971687304865
268000	532	26854.211877822876	-12875.05	-12778.5	359.37379381948614	-12262.0	-13665.0	-1995.897	2.2823007	5340.213442382813	-0.0026072951965034007	133888	-1.490681001837379
270000	536	27047.188566207886	-12366.05	-12341.0	332.7612507489416	-11764.0	-12905.0	-1974.8759	2.267922	11158.4582421875	0.002217949014157057	134912	-0.0731505222922586
272000	540	27231.30048918724	-12488.15	-12417.0	385.7316049439449	-11804.0	-13448.0	-1948.3557	2.275845	5360.360270996094	-0.00019756171852350235	135936	-1.4824707866327662
274000	544	27424.98429632187	-12678.7	-12672.0	272.32876802632666	-12072.0	-13221.0	-1966.5594	2.2655249	8849.572783203124	0.00810983395203948	136960	-0.08871028126544611
276000	548	27617.336198568344	-12323.8	-12293.0	270.07476547683683	-11860.0	-12839.0	-1930.6853	2.2653565	8520.786474609375	0.0034312265599146484	137984	-1.1637621031036325
278000	552	27793.854263067245	-11900.55	-11876.0	249.80570871231737	-11501.0	-12258.0	-1878.2482	2.2404017	134921.1667578125	-0.0015953232441097498	138752	-0.08483306130526191
280000	556	27987.1188890934	-11700.55	-11717.5	308.5013818957363	-11074.0	-12121.0	-1955.985	2.216164	194293.889765625	0.00432354312390089	139776	0.005703081445884606
282000	560	28170.726005077362	-12092.4	-12048.0	326.6484348653763	-11512.0	-12599.0	-2009.085	2.2390924	149727.36615234375	-0.002917667515575886	140800	-0.015504844169160759
284000	564	28365.703778743744	-11632.8	-11692.5	371.2134582406023	-10650.0	-12294.0	-1843.769	2.2166655	7605.9488134765625	0.0007884077355265617	141824	-0.7318880406789756
286000	568	28551.425927877426	-11571.55	-11592.0	305.1093807317735	-11022.0	-12169.0	-1867.9508	2.2387836	4002.5602880859374	0.0024475133791565895	142848	-0.8802571640658257
288000	572	28752.793573379517	-11312.3	-11354.0	291.3059704521221	-10522.0	-11885.0	-1851.1759	2.2100909	4515.504462890625	0.0063481503538787365	143872	-1.624696076526098
290000	576	28946.340261220932	-11197.25	-11123.5	353.5441422599387	-10579.0	-11772.0	-1782.5508	2.2027807	4092.2058251953126	-0.0017057731561362743	144896	-0.8069617547883678
292000	580	29144.596240520477	-12040.7	-12078.5	398.3985177524741	-10685.0	-12597.0	-1731.5991	2.2301905	5344.751196289062	0.0070155166275799275	145920	-0.08105710640087005
294000	584	29331.298087358475	-11943.45	-12004.5	294.160979021602	-11323.0	-12391.0	-1815.1324	2.2526453	3812.432487792969	0.003460400253534317	146944	-0.05485041057741458
296000	588	29519.230853319168	-12129.3	-12184.0	244.11474868658755	-11541.0	-12495.0	-1892.838	2.2653613	9084.087885742187	9.359701070934534e-05	147968	-0.5542286939293533
298000	592	29707.6200363636	-12281.45	-12280.0	287.61733989891206	-11698.0	-12702.0	-1984.3392	2.2644484	7199.049360351562	-0.004071693662554026	148992	-1.0894393331886985
300000	596	29887.141872882843	-12188.95	-12204.0	197.06330134462405	-11763.0	-12558.0	-1976.0492	2.2507083	163620.4603125	0.0005021630227565765	149760	0.026872615583256376
302000	600	30074.97795534134	-12511.25	-12493.5	398.2133618789648	-11813.0	-13295.0	-1968.109	2.2610786	173953.177265625	-0.0004416127875447273	150784	-0.0630864516315246
304000	604	30266.22518801689	-12296.15	-12308.0	343.18635032971747	-11394.0	-12845.0	-1960.7767	2.2524884	169188.005859375	-0.0043924954906106	151808	-0.051690655978194666
306000	608	30454.672667980194	-12680.55	-12660.5	286.50405985917456	-12170.0	-13245.0	-1998.8813	2.2697623	180442.81482421875	-0.004002933632582426	152832	0.02372241179434975
308000	612	30647.37741112709	-11566.8	-11610.0	377.5100695764008	-10825.0	-12091.0	-2074.912	2.2449682	137558.55525390626	0.003833978213369846	153856	-0.07154262972112302
310000	616	30843.277362585068	-11291.65	-11309.5	257.07366853225477	-10812.0	-11659.0	-1917.1143	2.2163467	6140.225688476563	0.0007706439681351185	154880	-0.8109197896392382
312000	620	31037.955355644226	-11904.5	-11897.0	349.8639585234298	-11335.0	-12520.0	-1883.0377	2.2342305	4692.97208984375	0.0011575092002749443	155904	-1.9509523630794354
314000	624	31236.00928878784	-12341.85	-12448.5	333.3932836440281	-11635.0	-12997.0	-1893.0625	2.2514093	6477.268698730469	0.0021681611984968184	156928	0.2364029998673134
316000	628	31432.820246696472	-11689.15	-11642.5	263.95718851438966	-11134.0	-12227.0	-1900.6158	2.2422123	4097.372150878906	-0.0004763905331492424	157952	-0.5175978462556552
318000	632	31629.934280872345	-11782.9	-11836.5	303.70413233935426	-11241.0	-12222.0	-1870.7352	2.2269876	5796.098937988281	0.0009050295129418373	158976	-3.2008311741621167
320000	636	31828.016244888306	-11977.0	-11954.5	396.96493282749407	-11179.0	-13095.0	-1886.5477	2.2607272	5400.203852539063	0.00480380835942924	160000	-0.29087657722104643
322000	640	32019.279347658157	-11258.4	-11247.5	310.22681006678084	-10747.0	-11853.0	-1899.863	2.2147493	182970.1060546875	0.00013328760862350465	160768	0.03417982242133577
324000	644	32218.645225286484	-11874.25	-11833.0	281.5316893446689	-11307.0	-12410.0	-1873.2705	2.224185	162027.0028125	-0.00045289691537618636	161792	0.016027341056110367
326000	648	32414.360375642776	-11752.45	-11737.5	254.99731164733566	-11098.0	-12359.0	-1886.4044	2.2445977	172451.6191015625	0.0005536176729947328	162816	-0.020545762883717567
328000	652	32605.58523917198	-11730.4	-11764.0	264.72217810177403	-11141.0	-12361.0	-1875.6748	2.2185242	176075.9665625	0.0015255352295935154	163840	-0.03771797897285478
330000	656	32794.07595014572	-11937.25	-11905.0	361.8856863707102	-11391.0	-12576.0	-1922.2769	2.255734	170239.2184765625	0.00017592655494809152	164864	0.07556146077835679
332000	660	32993.13238430023	-11961.25	-11922.5	256.6693295601212	-11530.0	-12599.0	-2003.7565	2.2372353	182584.36380859374	0.0014925218373537065	165888	0.017645016251958245
334000	664	33191.586753845215	-12532.8	-12605.0	279.69637673358363	-11905.0	-12936.0	-2057.1167	2.2579136	103414.63497558594	0.0009661738201975822	166912	0.029492955027969003
336000	668	33389.46594166756	-11679.85	-11692.5	290.9585383738233	-11055.0	-12208.0	-1993.534	2.2465618	8765.43880859375	0.0035837771091610194	167936	-0.7046787724011476
338000	672	33588.848069667816	-11464.6	-11506.0	352.6719662653578	-10935.0	-12147.0	-1973.1345	2.2242384	3670.1925744628907	-0.0028011817671358586	168960	-0.19940016187585186
340000	676	33784.03305029869	-11369.95	-11307.0	255.14051340182604	-10893.0	-11798.0	-1872.4973	2.2024949	3188.6543359375	0.0007411300390958786	169984	-0.3006185610979957
342000	680	33973.46617293358	-11902.95	-11881.0	257.8962408656465	-11462.0	-12501.0	-1838.3226	2.2247424	140235.2522265625	-0.0006752221100032329	170752	0.0016863717226138775
344000	684	34164.480057001114	-11966.6	-11964.5	268.46726743536266	-11527.0	-12476.0	-1826.7438	2.2359636	138261.61703125	0.00020223233848810197	171776	-0.06754881151024716
346000	688	34360.10175228119	-12376.9	-12373.5	322.18642854229927	-11675.0	-12979.0	-1881.4758	2.2579455	138392.02390625	0.0007669864408671856	172800	0.0022722214678332353
348000	692	34554.37188196182	-12585.75	-12662.5	306.0020424768436	-11940.0	-13052.0	-1974.208	2.273655	163724.82140625	0.0020267554931342603	173824	0.0485893669152927
350000	696	34745.17871284485	-12435.75	-12447.0	319.2065615669083	-12009.0	-13217.0	-1995.7847	2.2701445	178021.0002734375	-0.0004944648593664169	174848	-0.03467368873328791
352000	700	34929.43325471878	-12382.15	-12325.5	372.92715176870104	-11878.0	-13084.0	-2036.1205	2.2542586	169258.8946484375	0.003935891855508089	175872	-0.005130722600740434
354000	704	35111.80394625664	-12097.6	-12071.0	315.53103108719336	-11607.0	-12612.0	-2020.5785	2.2526312	158838.886015625	-0.000479431776329875	176896	-0.005370712273905953
356000	708	35299.01649785042	-11729.75	-11701.5	307.8442659938027	-11301.0	-12271.0	-2043.8755	2.2158384	190731.57859375	0.00169561505317688	177920	0.002765628561039346
358000	712	35480.67910480499	-11635.7	-11547.5	274.9526466407204	-11215.0	-12148.0	-1992.2638	2.2287652	158203.282578125	0.004318718751892448	178944	-0.03234075278810544
360000	716	35664.60080361366	-11147.75	-11163.0	270.49892985487315	-10447.0	-11685.0	-2040.944	2.1786923	59165.79236816406	-0.004570707902312279	179968	0.02567404505410731
362000	720	35843.44152712822	-11201.45	-11224.0	444.8391163934262	-10261.0	-11962.0	-1928.554	2.2025263	3491.1887622070312	-0.0015462349448353051	180992	-0.8221317909661521
364000	724	36010.78596186638	-10944.85	-11049.5	381.83122132553194	-10278.0	-11463.0	-1815.1735	2.1834474	138092.24890625	0.004490679502487183	181760	-0.016297635855716086
366000	728	36190.65453624725	-11829.65	-11823.5	320.69189591454153	-11172.0	-12324.0	-1826.2268	2.2397892	151814.59890625	0.002315683551132679	182784	0.035266408705256436
368000	732	36374.06302022934	-11079.65	-11090.5	268.16791185257125	-10527.0	-11686.0	-1828.6932	2.2052612	150060.740703125	-0.0037162373401224613	183808	-0.06570906153712142
370000	736	36552.27744913101	-12182.85	-12234.5	388.453380661526	-11448.0	-12756.0	-1831.2372	2.2469988	117245.34666015625	-0.0008114160411059856	184832	-0.019325444641976164
372000	740	36736.24073052406	-12584.65	-12604.0	367.87430276057466	-11920.0	-13295.0	-1879.0127	2.2711225	158729.0867578125	-0.00018035689368844031	185856	0.05295010149573531
374000	744	36910.241975069046	-12404.05	-12316.5	340.8315643586402	-11997.0	-13186.0	-1979.9971	2.2641025	167636.237890625	-0.0004012954235076904	186880	-0.005864113774744828
376000	748	37091.14119386673	-12666.7	-12658.0	320.1634615399814	-12107.0	-13236.0	-1978.1405	2.2758088	165689.62875	0.0007528642006218434	187904	0.00499228599633017
378000	752	37271.94325709343	-12216.05	-12166.0	298.13922480683595	-11776.0	-12839.0	-2033.1815	2.2492876	185577.9878515625	-0.005685663297772408	188928	-0.07753913616172414
380000	756	37448.112855196	-12243.4	-12178.5	317.68262878473377	-11748.0	-13067.0	-2001.3073	2.2448046	200870.02234375	-0.0018491767905652523	189952	-0.04218612898011709
382000	760	37630.469074487686	-11668.65	-11698.0	282.06536663091333	-11032.0	-12142.0	-2037.1498	2.2352808	173627.64673828124	0.001101515367627144	190976	0.04552922576026608
384000	764	37816.94004154205	-11294.5	-11288.5	226.76291816042493	-10935.0	-11670.0	-1949.465	2.2204814	140044.4505859375	-0.0007742279022932053	192000	0.04882520076677599
386000	768	38002.1232213974	-11930.45	-11988.0	321.49068497596596	-11326.0	-12599.0	-1901.4836	2.2286758	166157.1309375	-0.006520077753812074	192768	0.030593699947321862
388000	772	38198.73420357704	-11416.75	-11360.0	318.73811639354534	-11019.0	-12295.0	-1909.2552	2.212588	165106.0240234375	0.0065176691114902496	193792	0.0036248074095118765
390000	776	38394.39598941803	-12096.35	-12070.0	245.6982049074369	-11705.0	-12636.0	-1882.4613	2.2495494	143013.6306640625	0.001184096559882164	194816	0.017590671144211867
392000	780	38590.45489883423	-12085.85	-12087.0	304.2080788919944	-11433.0	-12601.0	-1880.1603	2.2439635	141175.69654296874	-0.0019962963461875914	195840	0.039078246001832406
394000	784	38784.5417675972	-11708.6	-11816.0	378.6005254813269	-10740.0	-12125.0	-1906.0555	2.2372663	152851.09390625	0.0043474580999463795	196864	0.05932862219740265
396000	788	38980.23354887962	-11921.7	-11915.5	291.92142057319757	-11393.0	-12546.0	-1878.8766	2.2200387	152434.1092578125	-0.0065168533474206924	197888	0.04272528407524501
398000	792	39179.728763103485	-11992.65	-12007.5	361.4487333524704	-11138.0	-12682.0	-1925.4456	2.2407851	165755.249296875	-0.002054179850965738	198912	0.020089992687207014
400000	796	39380.124046087265	-11383.35	-11367.0	405.8115034295966	-10757.0	-12103.0	-1923.1125	2.2142446	143511.483203125	0.0004868573695421219	199936	-0.04693977887158396
402000	800	39583.6041765213	-12198.75	-12215.5	322.09084612558416	-11748.0	-12930.0	-1956.8999	2.2394223	157565.0771875	-0.0012859373912215233	200960	0.07191245186373452
404000	804	39786.50433945656	-12607.0	-12620.0	272.79566287646605	-12192.0	-13027.0	-1965.2703	2.2573185	181477.52734375	-0.002024051584303379	201984	-0.01580799173399483
406000	808	39979.713078022	-11943.35	-11868.5	392.95322809933015	-11293.0	-12801.0	-2053.3687	2.2635062	3852.950549316406	-0.0015094584878534078	202752	-0.07292285645824581
408000	812	40181.536413669586	-12016.9	-12074.5	381.19257462255007	-11349.0	-12711.0	-2013.7754	2.2583418	4447.832939453125	-0.0005683014541864395	203776	-2.0753811445871855
410000	816	40386.02921772003	-12235.8	-12272.5	281.236106089565	-11714.0	-12741.0	-2080.2717	2.2619839	2150.271961669922	-0.00024151604622602463	204800	-0.13706264074066898
412000	820	40585.06338882446	-12538.35	-12519.0	325.78686526461956	-11852.0	-13090.0	-2009.7756	2.2674341	164689.1522265625	0.0022912332601845264	205824	-0.004310916060982439
414000	824	40782.72167015076	-12416.9	-12480.5	358.85312931762576	-11926.0	-12981.0	-2014.0526	2.2678092	187648.356640625	-0.00628574937582016	206848	-0.06679287210906582
416000	828	40981.212664842606	-11874.8	-11874.0	255.96907707973756	-11365.0	-12257.0	-1995.1538	2.2288923	180514.815078125	-0.0006843810714781284	207872	0.07208442416942507
418000	832	41178.3517742157	-11681.9	-11634.5	278.7356604761088	-11315.0	-12542.0	-1976.7788	2.221196	185023.806796875	-0.0008358102478086949	208896	-0.03510232447328332
420000	836	41376.8809633255	-11637.95	-11624.0	302.546816733856	-11113.0	-12054.0	-1882.0975	2.2365866	158734.9278125	-0.00013360368087887763	209920	0.01061992447779303
422000	840	41577.20743346214	-11063.0	-11023.5	341.51658663580076	-10415.0	-11714.0	-1888.8064	2.2048137	139080.584765625	-0.002175783161073923	210944	0.04585113851344924
424000	844	41779.30022764206	-11274.35	-11249.0	321.72336515119713	-10812.0	-11996.0	-1881.3562	2.1911075	140661.9771484375	-9.6247224137187e-05	211968	0.027173037790833576
426000	848	41978.84065914154	-10896.7	-10879.0	377.6845105027266	-9885.0	-11524.0	-1841.8833	2.1775541	149437.440234375	0.003964765053242445	212992	-0.01690822077685672
428000	852	42173.04484915733	-10329.25	-10274.0	278.9259239522773	-9837.0	-11025.0	-1769.6255	2.162702	2430.319664306641	-0.001969776414334774	213760	-0.9801015365427117
430000	856	42369.6422791481	-9942.05	-9907.0	229.62497457238493	-9521.0	-10289.0	-1724.667	2.1037822	2503.596945800781	0.0016303262021392583	214784	-0.5938395266643972
432000	860	42568.57091546059	-11082.4	-11099.5	266.1298456333714	-10670.0	-11510.0	-1730.9762	2.1680021	2855.2825158691408	0.0005268469080328942	215808	-1.0511032898287653
434000	864	42768.32751464844	-11013.8	-11025.0	247.92435179006986	-10601.0	-11546.0	-1793.569	2.2056873	2360.486989746094	0.0005385482031852007	216832	-0.05067151464895625
436000	868	42964.49163150787	-11309.5	-11285.0	270.7151348013744	-10726.0	-11746.0	-1837.2847	2.2119608	2825.4922253417967	-0.00014378376305103303	217856	-0.8805955710821511
438000	872	43160.89508771896	-11321.3	-11394.0	366.7104264158646	-10453.0	-12003.0	-1948.7092	2.2183301	146593.099921875	-0.0006664212979376316	218880	0.009430677306722424
440000	876	43364.083787441254	-11819.15	-11785.0	180.39263463783368	-11487.0	-12138.0	-1905.3815	2.224322	142020.05828125	-0.005944285541772842	219904	-0.01802113736104416
442000	880	43569.06825017929	-12359.1	-12325.5	276.7708343320194	-11943.0	-12839.0	-1956.0067	2.262897	171488.0159375	0.0007653718069195747	220928	0.06031466244277439
444000	884	43776.14340400696	-11944.9	-11982.5	285.61805559909993	-11382.0	-12552.0	-1935.2612	2.2349863	169652.7802734375	-0.0011151682678610087	221952	-0.06538603100920581
446000	888	43982.256695985794	-10966.05	-10963.0	341.96329058140606	-10303.0	-11577.0	-1986.3457	2.2061272	158078.4381640625	0.0023191140964627264	222976	-0.0026512877255810974
448000	892	44180.108221530914	-11677.1	-11676.5	326.5247471881967	-10976.0	-12208.0	-1899.7668	2.2096822	170784.5211328125	-0.0018124718591570855	224000	0.04113623023349722
450000	896	44382.47060728073	-11152.65	-11144.0	295.1866982811137	-10581.0	-11772.0	-1924.0203	2.18789	2694.196170654297	-0.0006295549497008323	224768	-0.9428407108076806
452000	900	44589.01225852966	-11422.05	-11407.5	330.4242050200891	-10807.0	-11906.0	-1835.9393	2.2266989	3212.487559814453	-0.00454539593309164	225792	-0.7661948916077659
454000	904	44794.5549492836	-11557.1	-11468.5	303.3212471083561	-11124.0	-12163.0	-1883.8793	2.231943	4024.8107397460935	0.0016672106087207794	226816	-1.5991991732553394
456000	908	45003.18096661568	-11066.1	-11184.0	420.0497338975093	-10379.0	-11752.0	-1886.661	2.2117853	3251.1982495117186	0.0018515666201710701	227840	-0.777348463512149
458000	912	45209.85669851303	-11326.0	-11271.5	360.0086256276588	-10834.0	-12382.0	-1909.459	2.2178373	4421.690539550781	-0.009066325910389424	228864	-1.4133846212925865
460000	916	45414.557592868805	-10834.25	-10770.0	242.63702043218905	-10462.0	-11388.0	-1892.5393	2.1881042	3598.586307373047	0.0023288636840879916	229888	-0.2321977003215263
462000	920	45618.85564780235	-10944.25	-10894.5	347.0335756545452	-10400.0	-11541.0	-1880.2288	2.1887705	2098.568446044922	0.002667654398828745	230912	0.05471635992798374
464000	924	45826.43477010727	-11004.05	-11082.5	351.92141392496615	-10221.0	-11789.0	-1955.6605	2.1735575	193039.2059375	-0.0012595633789896964	231936	-0.020792117458593662
466000	928	46032.85142683983	-10511.75	-10551.5	256.20014277493044	-9833.0	-10919.0	-1861.4275	2.1415982	139594.573515625	0.005846339911222458	232960	-0.03387614670628358
468000	932	46240.86361527443	-11188.9	-11116.0	401.34430683837905	-10587.0	-12174.0	-1791.7747	2.1613173	141956.52578125	0.0015297231078147888	233984	-0.023355481324552674
470000	936	46441.0075469017	-11015.25	-10975.5	341.70191303008687	-10185.0	-11654.0	-1780.5713	2.1926477	2323.534814453125	-0.006379253650084138	234752	-0.4703201028623305
472000	940	46651.86136555672	-10887.0	-10994.0	373.551800114015	-10074.0	-11405.0	-1802.075	2.1622143	2052.121927490234	0.004777162708342076	235776	-0.06966137314474485
474000	944	46860.09267616272	-11025.9	-11041.5	223.43653284663705	-10677.0	-11502.0	-1831.7081	2.215701	1994.922120361328	-0.002937813252210617	236800	-0.14435214167554533
476000	948	47065.91638112068	-11344.4	-11346.5	346.3708690801933	-10878.0	-12196.0	-1851.322	2.2271695	2731.4718188476563	0.0013630180433392525	237824	-0.2800374141007489
478000	952	47271.20355129242	-10933.9	-10973.5	342.37558631605606	-10424.0	-11532.0	-1869.9305	2.2030776	2446.193243408203	-0.0017139440588653087	238848	-0.045419995827273185
480000	956	47474.632687330246	-10634.95	-10703.0	295.4446203338462	-10104.0	-11175.0	-1803.446	2.1786184	1959.6693255615235	0.0014204447343945503	239872	-0.07818122386802995
482000	960	47681.626737594604	-11227.95	-11178.0	412.3150909323188	-10586.0	-12360.0	-1768.08	2.2024088	1959.444096069336	-0.0004362292867153883	240896	-0.5208251872609484
484000	964	47888.10410451889	-11365.45	-11382.0	305.28028105332976	-10919.0	-12065.0	-1832.4836	2.225866	3632.594597167969	0.0036671293899416925	241920	-0.10605219001661292
486000	968	48097.2879114151	-10589.0	-10491.5	381.3873566198461	-9924.0	-11314.0	-1816.1284	2.1605167	2759.2802160644533	0.0021532272174954415	242944	-1.2668504232406663
488000	972	48307.43533420563	-11284.0	-11256.0	347.9526586068555	-10576.0	-12131.0	-1819.5575	2.2010157	2680.830030517578	0.0001890318002551794	243968	-1.6751113250453953
490000	976	48511.81505608559	-11158.55	-11208.5	358.70490363910113	-10518.0	-11814.0	-1981.1259	2.183418	180238.9932421875	0.003885306902229786	244992	0.008483764372363867
492000	980	48707.157420158386	-11152.4	-11165.0	369.0098272832025	-10541.0	-11888.0	-1884.564	2.195585	2630.277275390625	0.002095502754673362	245760	-0.520685591353651
494000	984	48908.042081832886	-11808.35	-11753.0	356.40947400131597	-11352.0	-12666.0	-1866.3066	2.2365203	2174.494521484375	-0.003994599767029285	246784	-0.6119656228976038
496000	988	49112.98674559593	-10682.45	-10657.0	242.359123485876	-10336.0	-11104.0	-1888.157	2.1847396	2509.1894982910158	0.001257061827927828	247808	0.13888864908177023
498000	992	49317.44777679443	-11230.85	-11331.0	415.3729174203776	-10098.0	-11679.0	-1872.382	2.2091904	2425.190245361328	0.0016501798294484616	248832	-0.76851169348251
500000	996	49526.46177840233	-11231.65	-11143.0	296.8120573164457	-10757.0	-12003.0	-1909.2777	2.2338178	3288.958703613281	-0.0017524737305939198	249856	-0.5712850816105379
502000	1000	49733.87589478493	-11417.9	-11459.0	373.2216640634836	-10622.0	-11937.0	-1884.6212	2.2043653	3369.2743493652342	-0.0009547998383641243	250880	0.19242566950486906
504000	1000	49942.04978632927	-11456.1	-11433.5	384.2898987948935	-10963.0	-12341.0	-1826.9089	2.2342563	3091.4615783691406	-0.0011700380221009255	251904	-0.6932910968314263
506000	1004	50144.52392244339	-11136.05	-11146.5	457.6725415219465	-10140.0	-11922.0	-1878.5502	2.2195904	2620.7577661132814	-0.0012391163595020772	252928	-0.5838656887987579
508000	1008	50346.20243597031	-11649.5	-11621.0	361.80548714235357	-11186.0	-12371.0	-1911.3352	2.2377696	2529.114793701172	-0.0016107973083853721	253952	-0.3394742257030996
510000	1012	50546.92884802818	-11197.0	-11228.5	358.2463133831688	-10257.0	-11724.0	-1924.7307	2.2288046	2606.4946484375	0.0006024144683033228	254976	-0.4281230445014941
512000	1016	50748.94854450226	-11082.0	-11057.5	268.0710824821616	-10487.0	-11562.0	-1914.0839	2.2108407	3009.0987438964844	-0.0021247126907110213	256000	-0.37873897870866036
514000	1020	50950.400601148605	-11420.05	-11388.5	228.0008021684873	-11038.0	-11846.0	-1953.5227	2.2096174	3288.1442834472655	-0.0007255714200437069	256768	-0.4216970751002225
516000	1024	51158.07649040222	-11547.55	-11545.5	257.4016879264167	-11268.0	-12406.0	-1947.0385	2.215059	2202.8634765625	0.003489741925150156	257792	-0.7748834895473267
518000	1028	51364.6088654995	-11487.6	-11514.5	288.8679173674545	-10847.0	-12026.0	-1893.188	2.227417	2823.4157202148435	0.002786657605320215	258816	-0.4133098123408132
520000	1032	51564.69844818115	-11742.85	-11665.0	384.5884026770493	-10984.0	-12414.0	-1892.4006	2.2467992	3511.239940185547	-0.003659776169806719	259840	-0.5902929186440138
522000	1036	51762.02685928345	-11765.85	-11759.5	287.5900362449444	-11187.0	-12265.0	-1917.7241	2.257823	3928.244853515625	0.001987224165350199	260864	-0.894919650606721
524000	1040	51956.63341331482	-11617.7	-11591.5	277.7596651404724	-11101.0	-12143.0	-1908.8282	2.2441764	2362.8366577148436	0.00010851966217160225	261888	0.24902957730377118
526000	1044	52141.25879240036	-11376.8	-11406.5	330.14185149002714	-10641.0	-11945.0	-1926.7465	2.2319984	2821.3091394042967	0.0047530211508274075	262912	-0.6233694695191425
528000	1048	52331.328137397766	-11051.95	-11113.5	342.3021864407314	-10227.0	-11596.0	-1828.1584	2.2052402	2869.247344970703	3.03895678371191e-06	263936	-0.751561086137094
530000	1052	52519.61747097969	-10876.35	-10930.0	321.9531307831198	-10211.0	-11290.0	-1822.4392	2.2086377	2632.6375329589846	-0.003434314485639334	264960	-0.9031417050012869
532000	1056	52710.81136775017	-10865.5	-10821.0	282.58776000609646	-10309.0	-11459.0	-1826.1482	2.1779115	2365.014309082031	-0.0025539584597572686	265984	-0.2621132718504311
534000	1060	52906.70587730408	-10940.35	-11007.0	333.26538737326536	-10411.0	-11684.0	-1825.4886	2.1904073	3583.1390270996094	0.0026188497990369797	266752	-0.24837662725218546
536000	1064	53100.168620824814	-10705.8	-10713.5	208.06011277108303	-10397.0	-11255.0	-1818.0742	2.1590042	4425.340014648437	0.0009502662904560566	267776	-0.42062879096320094
538000	1068	53287.866928339005	-11572.55	-11568.0	367.12287846814564	-10771.0	-12532.0	-1802.1315	2.2295024	3306.2512890625	-0.000741874873638153	268800	-0.07093688243847351
540000	1072	53483.67045879364	-12053.75	-12066.5	328.20626938429723	-11457.0	-12633.0	-1922.4747	2.2414062	3384.4698120117187	-0.004004730265587568	269824	-0.895088130983233
542000	1076	53683.849101781845	-11565.75	-11532.5	233.3876096021155	-11101.0	-12078.0	-1937.8176	2.2414346	3084.128830566406	-0.006147700026631355	270848	-0.5916689553622005
544000	1080	53881.75227665901	-11338.45	-11387.5	321.28647243296916	-10822.0	-11962.0	-1894.9277	2.2001112	2633.8360766601563	-0.001540637854486704	271872	-0.15677790343222342
546000	1084	54079.1378159523	-11555.3	-11610.5	308.70103063609855	-10886.0	-12110.0	-1939.9275	2.2337978	1786.8377703857423	0.003242316981777549	272896	-0.6417118166183564
548000	1088	54279.32618904114	-10999.65	-10969.0	305.88581891046584	-10604.0	-11568.0	-1911.3275	2.198646	2569.1261889648435	0.0014155789650976659	273920	-0.10146917129633537
550000	1092	54482.19778466225	-11136.0	-11080.5	397.76149955257836	-10428.0	-12041.0	-1855.7095	2.2030756	3413.414006347656	-0.0015922653675079345	274944	-0.22362512143281954
552000	1096	54682.94254088402	-10983.05	-10985.5	315.92028891378345	-10299.0	-11472.0	-1831.1257	2.1973646	3146.701901855469	-0.002338951136916876	275968	-1.2269342685158255
554000	1100	54885.85092544556	-10913.0	-10925.5	280.4214872764136	-10408.0	-11476.0	-1766.1749	2.2048306	2003.0144543457031	-0.0023776292242109775	276992	-0.04986720342472095
556000	1104	55083.83486485481	-11467.15	-11377.5	295.0559759560352	-10978.0	-12083.0	-1763.5962	2.2183263	3441.6988696289063	-0.002731222398579121	277760	-0.698225974629294
558000	1108	55286.77374410629	-12036.3	-11866.5	414.85927861460635	-11436.0	-12751.0	-1849.825	2.2548394	3881.2989916992187	0.001969024445861578	278784	-0.5430390809749124
560000	1112	55494.798928022385	-11967.25	-11981.5	369.7990741783407	-11185.0	-12707.0	-1862.129	2.253604	4725.182551269531	-0.002482617199420929	279808	-0.6736125193824898
562000	1116	55699.0662958622	-11656.3	-11684.5	421.9759409455024	-10986.0	-12573.0	-1886.5732	2.2425106	3900.5252233886717	-6.122896447777749e-05	280832	-0.44626326919616743
564000	1120	55908.189782857895	-11402.65	-11451.0	337.21869758363044	-10694.0	-12199.0	-1961.1458	2.2363758	3293.7782763671876	-0.0008203623071312904	281856	-0.651775769814261
566000	1124	56114.16529607773	-11756.3	-11673.0	290.05518531189165	-11398.0	-12442.0	-2022.488	2.2378843	2655.805473022461	-0.0011084074713289737	282880	-0.37487834367265505
568000	1128	56322.785257577896	-11836.95	-11781.5	364.26544326616374	-11107.0	-12711.0	-1966.547	2.2479181	3602.4206677246093	0.00024580126628279684	283904	-0.3665647589164682
570000	1132	56531.122992515564	-11754.7	-11803.5	417.78200056967506	-11009.0	-12477.0	-1956.2251	2.2578502	3418.3800622558592	0.002029203772544861	284928	-0.6349582481472131
572000	1136	56740.43620014191	-11934.45	-11905.0	282.41244101863725	-11228.0	-12553.0	-1935.8428	2.2335408	2055.3312481689454	-0.0016827010363340378	285952	-0.9286503563703605
574000	1140	56949.08134198189	-11688.8	-11676.5	277.25602836215825	-11091.0	-12149.0	-1955.5881	2.2381504	2709.437141113281	-0.005798020800575614	286976	-1.0516245574066394
576000	1144	57158.804560661316	-11724.4	-11766.0	258.2624939658751	-11127.0	-12072.0	-1946.6713	2.2527452	2396.35755859375	0.004121685866266489	288000	-0.7943549271478076
578000	1148	57361.41929745674	-11989.0	-11913.5	336.3621168981586	-11355.0	-12803.0	-1929.515	2.2486885	3828.5286608886718	0.0008299013040959835	288768	-0.4518787725312068
580000	1152	57568.44490504265	-11873.8	-11810.0	279.7469909531976	-11502.0	-12487.0	-1891.4177	2.244993	4026.2161694335937	-0.0022505479119718074	289792	-0.3301629201587757
582000	1156	57778.44171118736	-11991.2	-11987.0	375.53030573618923	-11267.0	-12809.0	-1887.6075	2.2557006	3444.9446008300783	0.0038387371599674226	290816	-0.5020467393363854
584000	1160	57985.655908346176	-12139.5	-12137.0	292.9152023870965	-11419.0	-12600.0	-1920.074	2.2593567	2659.3394372558596	0.0013312081247568131	291840	-0.7566003851299201
586000	1164	58192.66148304939	-11705.85	-11697.0	318.70416491919605	-11121.0	-12451.0	-1893.7665	2.241945	3821.3155261230468	-0.0009878645278513431	292864	-0.07204865230713287
588000	1168	58402.33153676987	-11625.05	-11564.0	301.2155156065259	-11197.0	-12162.0	-1912.7708	2.232501	2992.7136779785155	-0.0002071089670062065	293888	-0.38783031340561
590000	1172	58609.9491186142	-11035.1	-11031.0	248.47787151289538	-10588.0	-11523.0	-1961.3269	2.2204278	2794.28208984375	0.0016061891801655293	294912	-0.5304543579919687
592000	1176	58818.102162361145	-10348.55	-10364.5	328.48896080145687	-9708.0	-10984.0	-2003.6653	2.1520255	1761.4519989013672	-0.00032213273458182813	295936	-0.6020125266270775
594000	1180	59025.850039958954	-10562.9	-10510.5	270.4543740098367	-9978.0	-11074.0	-1792.3026	2.1259627	2553.776336669922	-0.002141403891146183	296960	-0.25662172183199927
596000	1184	59233.707931280136	-10198.1	-10218.5	308.7129308665423	-9564.0	-10667.0	-1706.8845	2.1513453	2091.631387939453	4.7241058200597765e-06	297984	-0.3648476868258317
598000	1188	59434.75740814209	-10283.6	-10321.0	336.64527637449953	-9586.0	-10912.0	-1703.39	2.1090918	3174.555625	-0.002907064585015178	298752	-0.11327067599842855
600000	1192	59643.86372733116	-11065.85	-10999.0	324.6608392250531	-10640.0	-11805.0	-1698.6309	2.1704218	4489.66119140625	0.006761381644755602	299776	-0.26163711767813047
602000	1196	59851.71440577507	-10852.9	-10785.0	268.30950313711253	-10455.0	-11315.0	-1672.7744	2.174597	2888.0038256835937	0.0015888646990060806	300800	-1.3865021215183173
604000	1200	60059.41488814354	-11410.5	-11378.0	327.8803536593638	-10701.0	-11940.0	-1786.1976	2.209345	2646.791463623047	-0.0032930330326780676	301824	0.10493678000727591
606000	1204	60268.404484272	-11114.3	-11105.5	402.43013123561684	-10145.0	-11758.0	-1752.2946	2.1949735	2159.795569458008	-0.0021702472679316995	302848	-0.4675828893263121
608000	1208	60477.37698554993	-11054.95	-11121.0	383.09370504108426	-10273.0	-11605.0	-1741.2927	2.1866515	2756.4231591796874	0.002885709013789892	303872	-0.6097398501417461
610000	1212	60683.99383735657	-11299.9	-11263.5	402.95603782677415	-10356.0	-12034.0	-1714.4705	2.2143471	2306.5993688964845	-0.004663349343463779	304896	-0.2204123632294559
612000	1216	60891.93368220329	-11538.5	-11569.0	311.84721292730245	-11070.0	-12075.0	-1748.2258	2.218584	2975.996652832031	-0.004442230705171824	305920	-0.4943939575546352
614000	1220	61098.30292725563	-11291.1	-11217.0	278.96743820551416	-10948.0	-11970.0	-1842.5765	2.231079	3061.36947265625	0.0073045134171843525	306944	-0.026730252267900934
616000	1224	61303.785239458084	-11220.9	-11235.5	344.1748178806199	-10407.0	-11884.0	-1913.6687	2.1955025	2478.4615185546877	0.0025424005463719366	307968	-0.3998829105097004
618000	1228	61505.844712495804	-10203.8	-10184.5	283.1824035568074	-9745.0	-10723.0	-1975.1847	2.1763198	2328.376594848633	-0.0012411828897893429	308992	-0.03895034208880799
620000	1232	61707.31849336624	-10706.3	-10667.5	250.10568292539645	-10303.0	-11293.0	-1813.3395	2.1598432	1934.481337890625	-7.579592987895011e-05	309760	-0.16859537718361794
622000	1236	61911.4981276989	-11015.5	-10886.5	389.71993992987757	-10448.0	-11603.0	-1794.4725	2.1840477	2676.7734899902343	0.002377488575875759	310784	-0.2818508225351555
624000	1240	62118.560163497925	-11027.3	-11075.5	412.7595323901646	-10005.0	-11571.0	-1780.3975	2.1895957	2111.620827636719	-0.0012435575760900975	311808	-0.2971444436494448
626000	1244	62323.201365470886	-10412.25	-10386.5	295.68935957930756	-9948.0	-10853.0	-1726.3142	2.1637974	3051.420935058594	0.0018721562996506691	312832	0.18900597362470672
628000	1248	62530.56193161011	-10705.1	-10681.5	279.56449213581806	-10356.0	-11398.0	-1707.2871	2.1380064	3253.815325927734	-0.005426581054925919	313856	0.005452246038270103
630000	1252	62737.386639118195	-10973.7	-11010.5	246.26047399579085	-10463.0	-11392.0	-1645.2805	2.1656737	2930.24923828125	0.0010024132393300533	314880	-0.4828971622093572
632000	1256	62943.21391916275	-11261.8	-11210.0	402.4580527341033	-10677.0	-12248.0	-1653.3557	2.1856482	2279.640767822266	-0.005002756509929896	315904	-0.7947125876903371
634000	1260	63148.07608246803	-11559.1	-11607.0	353.2440486331466	-10892.0	-12131.0	-1734.3489	2.20439	3421.768055419922	6.233615800738335e-05	316928	-0.17073364540910196
636000	1264	63357.48537397385	-11601.6	-11597.5	249.44262076203333	-11189.0	-11966.0	-1767.418	2.2086027	2162.0220361328124	0.005375497322529554	317952	-0.46985970183581816
638000	1268	63563.89365553856	-11662.5	-11695.0	289.11744108033696	-11149.0	-12384.0	-1771.202	2.2197788	3611.2303125	0.001045975536108017	318976	-0.05631137299659961
640000	1272	63772.58704447746	-11750.35	-11825.5	303.8467887811744	-11197.0	-12277.0	-1843.0332	2.2386742	4220.194094238282	-0.0033275797218084336	320000	-0.24134028619524606
642000	1276	63977.283472537994	-11688.2	-11650.0	342.13795309402377	-10762.0	-12236.0	-1934.3792	2.233273	4805.695043945312	-0.0012008161656558514	320768	-0.40665613349247587
644000	1280	64185.24542284012	-11425.0	-11454.5	152.23492925150433	-11181.0	-11698.0	-1864.4756	2.2208393	2870.816246337891	0.003635480124503374	321792	-0.3000876249906239
646000	1284	64393.19590592384	-11333.0	-11276.0	325.9441347031243	-10627.0	-11969.0	-1818.5665	2.2055235	2730.46216796875	0.0006503692641854287	322816	-0.3823253271528759
648000	1288	64601.2497253418	-11527.45	-11547.0	349.3040411416603	-10847.0	-12005.0	-1825.8372	2.23096	5013.740512695313	-0.0031490321457386017	323840	-0.9909712607544019
650000	1292	64809.84552812576	-11577.4	-11594.0	307.6791561966698	-11117.0	-12208.0	-1823.3981	2.2266085	2942.206307373047	-0.0011222302820533515	324864	-0.19120368524553388
652000	1296	65018.07491803169	-11547.95	-11552.0	357.82257805848565	-10867.0	-12265.0	-1809.2595	2.2264824	4469.741723632813	-0.003901151642203331	325888	-0.5614043109176563
654000	1300	65224.93251204491	-11346.75	-11343.5	328.52411190849165	-10727.0	-11903.0	-1805.5758	2.222126	3261.5955102539065	-0.003532543443143368	326912	-0.1716840482344817
656000	1304	65431.97654700279	-11645.0	-11653.0	380.02188302642173	-10651.0	-12262.0	-1787.2947	2.2290778	3027.6384069824217	0.001035207025706768	327936	-0.5308614114258203
658000	1308	65638.55161190033	-11757.55	-11820.5	375.4502525039278	-10920.0	-12314.0	-1744.079	2.2342587	3145.643883056641	0.001931369099766016	328960	-1.5203770539744337
660000	1312	65844.99215745926	-11952.25	-11928.5	317.88757943319325	-11385.0	-12478.0	-1823.764	2.2422843	4846.508303222657	-0.0016192590445280074	329984	0.0704564021200692
662000	1316	66045.95348525047	-11824.8	-11822.0	312.60174764639265	-11323.0	-12620.0	-1845.6847	2.2425747	6643.056171875	0.005044881086796522	330752	-0.19227348275195721
664000	1320	66250.99208641052	-11888.1	-11934.5	278.8308108022347	-11356.0	-12450.0	-1870.0117	2.2569714	4354.886450195312	0.0013100724294781685	331776	-0.05513929648426008
666000	1324	66460.78014278412	-11714.95	-11726.5	328.41284592479184	-11193.0	-12315.0	-1909.0835	2.2329698	4203.909243164063	-0.0006394464522600174	332800	-1.4117955372402893
668000	1328	66667.30502986908	-11268.85	-11211.0	296.1571906588583	-10849.0	-12049.0	-1945.2737	2.2222009	3182.8816528320312	-0.0032334465719759463	333824	-0.7944734914320446
670000	1332	66874.45058226585	-11350.15	-11441.5	302.385824472817	-10872.0	-11819.0	-1816.0013	2.2110302	2752.728486328125	0.00025827091187238696	334848	-0.2996742411198401
672000	1336	67077.464676857	-11097.9	-11046.5	212.66922673485226	-10763.0	-11797.0	-1770.2198	2.2125719	2510.88962890625	-0.005144271748140455	335872	-0.5981088078348047
674000	1340	67276.8399336338	-11417.8	-11427.5	319.33971352085064	-10724.0	-11946.0	-1842.2998	2.229851	2949.1409826660156	0.000876664649695158	336896	-0.6094566529871279
676000	1344	67483.09046888351	-11505.05	-11538.0	227.02920632886816	-11069.0	-11821.0	-1821.3334	2.2267704	4616.689096679687	0.003433231599628925	337920	-0.6662663424913737
678000	1348	67685.8454709053	-11536.65	-11510.0	270.9401322490965	-11160.0	-12266.0	-1742.8163	2.224719	2833.277088623047	8.44714231789112e-06	338944	-0.17825711651951703
680000	1352	67890.10305428505	-11305.4	-11232.5	284.4054555698514	-10876.0	-11964.0	-1762.003	2.2179637	4940.109060058594	0.0002385553065687418	339968	-0.6841546081417269
682000	1356	68094.41054701805	-11127.75	-11155.5	319.305970241051	-10447.0	-11642.0	-1747.7319	2.182719	3931.6396862792967	-0.0025338981579989196	340992	-0.6115535588244765
684000	1360	68287.18120598793	-10638.3	-10588.5	324.632926306167	-9977.0	-11222.0	-1705.4165	2.1569147	5085.989697265625	-0.0032217344641685486	341760	-1.4968379796983764
686000	1364	68487.47809958458	-10772.3	-10797.5	289.9214231114137	-10345.0	-11670.0	-1689.3439	2.1724322	2991.767238769531	0.0010990024544298648	342784	0.2583534412218136
688000	1368	68690.78777098656	-10637.8	-10724.0	321.7477926968003	-9925.0	-11077.0	-1721.6078	2.1579528	3128.9399987792967	0.0034517816267907618	343808	-0.9717694212736026
690000	1372	68891.60917401314	-11219.05	-11236.5	313.2430492361113	-10631.0	-11842.0	-1726.9148	2.1827557	3523.791884765625	0.0003360079042613506	344832	-1.5864594390185212
692000	1376	69088.19236969948	-11316.7	-11323.5	276.1443367821294	-10758.0	-11924.0	-1749.0402	2.1971748	5066.362517089844	0.0006757813319563866	345856	-0.5439583204619476
694000	1380	69285.49795341492	-10750.25	-10632.5	381.69261192745137	-10205.0	-11404.0	-1852.5372	2.178293	2280.5417431640626	0.0019499239698052406	346880	-0.8505143878437762
696000	1384	69483.43192362785	-11129.5	-11025.5	354.9611542868199	-10511.0	-11761.0	-1741.039	2.1737695	2956.214232177734	-0.0034396855346858503	347904	-1.0089836328109594
698000	1388	69684.46484160423	-11081.25	-11097.5	320.2179972916477	-10467.0	-11795.0	-1691.2452	2.2191846	4428.157192382812	0.0027430068328976633	348928	-0.21839410115932623
700000	1392	69883.60523295403	-11314.05	-11255.0	345.70971622842313	-10843.0	-12051.0	-1685.5905	2.207397	3398.6882458496093	0.0009125136770308018	349952	-0.20773132213705647
702000	1396	70082.97607040405	-11361.9	-11323.0	368.30806613343043	-10821.0	-11998.0	-1691.2953	2.2306006	2813.2566442871093	0.0043554166331887245	350976	-0.964251594026446
704000	1400	70278.29629135132	-11805.35	-11829.0	280.96998809575075	-11300.0	-12376.0	-1675.5345	2.2169726	5929.3756494140625	0.0024190458562225103	352000	-0.6124619307997812
706000	1404	70464.30945324898	-11993.05	-11969.0	200.3054181152267	-11659.0	-12378.0	-1744.1522	2.2457016	6341.9505615234375	0.0014852000586688518	352768	0.051508899472292424
708000	1408	70659.16419053078	-11800.15	-11834.5	356.01615501487987	-11075.0	-12355.0	-1782.6411	2.2403224	4542.688381347656	-0.004311808375641704	353792	-0.7921453612047584
710000	1412	70854.8278620243	-11513.8	-11474.0	206.16922022557358	-11150.0	-11946.0	-1819.1487	2.2284236	3398.237268066406	-0.004889619257301092	354816	-0.7646303829065388
712000	1416	71048.16215968132	-11449.55	-11470.0	278.000089928043	-10907.0	-11926.0	-1841.2759	2.2097797	4608.819624023437	-0.000997071210294962	355840	-0.7733598123225529
714000	1420	71241.43872499466	-11925.95	-11954.0	228.77303737892487	-11434.0	-12438.0	-1863.07	2.251093	6336.677507324219	0.004780829790979624	356864	-1.3106933833349856
716000	1424	71432.17373299599	-11661.65	-11667.5	325.13386312005156	-11013.0	-12116.0	-1883.5367	2.2390285	4744.627915039063	-0.00031346792355179786	357888	-0.4717529089437509
718000	1428	71624.42440700531	-11869.0	-11870.0	256.1627771965565	-11381.0	-12343.0	-1941.5453	2.2295809	5382.163559570313	-0.00702190775424242	358912	-0.9725901201893616
720000	1432	71821.80733275414	-11670.75	-11667.5	334.2449267418005	-10923.0	-12223.0	-2047.6606	2.22289	3048.734353027344	0.0038082874193787575	359936	0.22469941396059345
722000	1436	72019.10174846649	-10979.55	-10932.0	380.5224213602856	-10259.0	-11518.0	-1865.1844	2.2093015	3340.9544934082032	-0.0010200087912380696	360960	-0.2631807747143793
724000	1440	72217.28831458092	-11231.1	-11228.0	223.68937579175562	-10729.0	-11621.0	-1755.124	2.2029073	4352.717668457031	0.0029532854072749615	361984	-0.8029890169195906
726000	1444	72414.93913507462	-11234.6	-11245.0	322.85362497251714	-10587.0	-11992.0	-1698.5997	2.2087617	5681.6951953125	0.0004355823528021574	362752	0.014111072834005811
728000	1448	72612.9042263031	-11499.5	-11527.0	304.16849554845504	-10601.0	-11917.0	-1768.9789	2.2330675	3499.1225256347657	-0.0006170603632926941	363776	-0.12453994112375066
730000	1452	72807.22474718094	-11170.6	-11156.0	368.12818133733913	-10464.0	-11846.0	-1784.6112	2.1980782	4338.230034179687	-0.0004463422670960426	364800	-0.6930124349704212
732000	1456	73009.03752303123	-11671.05	-11600.0	271.1364921371173	-11300.0	-12277.0	-1803.3977	2.2212334	5101.74025390625	0.0014314045198261737	365824	-0.6300570952972215
734000	1460	73213.98150110245	-10855.3	-10895.0	321.4292260644963	-10271.0	-11388.0	-1805.6506	2.177854	2870.694794921875	-0.0033925285562872885	366848	-0.6458865393656859
736000	1464	73418.87565493584	-11385.55	-11372.0	343.19696278253673	-10750.0	-11920.0	-1766.844	2.2127285	4758.71166015625	-0.0018514360953122378	367872	-0.825655942907138
738000	1468	73624.08538675308	-10723.5	-10661.5	399.2048016798026	-9775.0	-11666.0	-1768.552	2.176455	4275.812944335938	0.00261704720556736	368896	-0.8776475461976614
740000	1472	73831.30673575401	-10593.3	-10511.0	325.87503255405323	-10052.0	-11299.0	-1737.9169	2.1414912	5840.751765136719	0.003817264996469021	369920	-0.7797168300532826
742000	1476	74037.02757692337	-10702.0	-10715.0	296.4493388866229	-10151.0	-11149.0	-1745.9413	2.163833	3230.991971435547	-0.006054835133254528	370944	-0.3965415940287662
744000	1480	74243.1667239666	-11014.5	-11048.5	299.47559429600835	-10543.0	-11666.0	-1827.9424	2.1640015	4064.2827978515625	-0.0004813954792916775	371968	-1.6717263669426052
746000	1484	74450.71581244469	-10666.85	-10637.5	207.10365444436397	-10243.0	-11070.0	-1926.0361	2.173769	1516.7752996826173	0.00017660291865468025	372992	-0.6483542034545544
748000	1488	74651.8206410408	-10658.3	-10641.0	238.22813038191597	-10217.0	-11184.0	-1817.8005	2.1464639	4299.375123291015	0.0022603490203619	373760	-0.8845680156111939
750000	1492	74857.73446512222	-10589.05	-10594.5	375.81427033772104	-10001.0	-11224.0	-1712.101	2.1413555	4279.356799316406	0.0019766475632786752	374784	-0.6031407486743603
752000	1496	75063.97644996643	-10926.85	-10935.5	222.83987052306605	-10212.0	-11241.0	-1682.2455	2.1805367	2815.3703845214845	-0.0010267971642315388	375808	-0.4453603559171271
754000	1500	75269.39496588707	-10730.2	-10656.0	421.24722082481634	-10035.0	-11604.0	-1704.0864	2.1778603	2818.7618701171873	0.0024234623461961745	376832	-1.3453133918693667
756000	1504	75474.59302830696	-11000.6	-10978.0	318.48579246176746	-10456.0	-11744.0	-1694.8077	2.1963384	3941.7785021972654	-0.0009817875153385102	377856	0.02312627806642875
758000	1508	75677.62564992905	-11686.95	-11723.5	405.0275461717323	-10865.0	-12493.0	-1742.5083	2.225168	6102.090034179688	-0.00040854811668395997	378880	-0.7512383580520645
760000	1512	75881.88356733322	-11419.1	-11417.5	348.35295168459305	-10714.0	-11981.0	-1811.131	2.2311337	2420.723529052734	-0.006122700739651919	379904	-0.2857503334966849
762000	1516	76089.34641718864	-11381.7	-11387.5	267.374190779022	-10847.0	-11851.0	-1792.483	2.227676	4918.921184082032	-0.001827526967972517	380928	-0.3142294532225367
764000	1520	76295.25621819496	-11008.4	-11077.0	304.54321273187594	-10382.0	-11453.0	-1813.6947	2.1755376	3514.816173095703	0.0013277747109532356	381952	-0.3207699440664107
766000	1524	76501.16958904266	-11115.55	-11009.0	374.77635085193776	-10516.0	-11948.0	-1789.6678	2.198083	3936.98443359375	0.0055877516977489	382976	-0.3826723563691041
768000	1528	76706.41854691505	-11323.7	-11220.5	324.98989457973516	-10835.0	-11993.0	-1843.271	2.1753404	5310.192290039063	0.006542894244194031	384000	-0.1267191877445415
770000	1532	76902.43451094627	-10929.1	-10995.0	281.87154595853167	-10156.0	-11337.0	-1864.1686	2.1734867	157225.1083984375	-0.00443371856585145	384768	0.004959780806211622
772000	1536	77103.65603685379	-10984.3	-10917.0	303.0490840910447	-10505.0	-11593.0	-1733.3838	2.1882367	6597.397692871094	0.00014875423163175584	385792	-2.974252084131926
774000	1540	77308.39773821831	-11196.0	-11202.5	332.5198846448292	-10627.0	-11935.0	-1736.66	2.2058566	2620.9238024902343	-0.002864117044955492	386816	-0.057681236203527275
776000	1544	77512.0208311081	-11360.35	-11331.0	391.04236881765934	-10573.0	-11990.0	-1733.3704	2.2016163	4528.144343261719	-0.0006534773577004671	387840	-0.4390162392071353
778000	1548	77706.90848398209	-10781.7	-10694.0	335.9879540447215	-10102.0	-11503.0	-1704.7834	2.1867077	2875.735539550781	0.001481601446866989	388864	-0.40280655089228934
780000	1552	77902.05969953537	-10991.5	-10972.5	294.88383082870195	-10521.0	-11612.0	-1700.257	2.1818802	2972.163280029297	-0.0027002061158418657	389888	-1.0481870202048804
782000	1556	78102.38527297974	-10209.25	-10238.0	222.38323370159665	-9575.0	-10546.0	-1726.2212	2.1426234	3168.440895996094	0.001504591330885887	390912	-0.3831461034455106
784000	1560	78304.43836832047	-10782.75	-10799.5	293.7058813453386	-10274.0	-11357.0	-1690.9637	2.1432295	4824.016005859375	0.0032180027291178704	391936	-0.3571645118290887
786000	1564	78501.21686506271	-11080.65	-11161.0	248.03698259905136	-10609.0	-11465.0	-1677.7185	2.1698065	6912.771904296875	-0.0016315818578004836	392960	-0.540522179971787
788000	1568	78697.91788172722	-11562.6	-11638.0	300.4064614905331	-10980.0	-11951.0	-1706.942	2.2024415	4711.973835449218	-0.002876266688108444	393984	-0.41018056714724205
790000	1572	78886.79147219658	-11722.55	-11652.0	354.158673181208	-11209.0	-12535.0	-1827.047	2.2200015	165128.710078125	0.002115021701902151	394752	-0.07158783309552885
792000	1576	79080.93198037148	-11236.0	-11292.0	306.5624346129015	-10717.0	-11870.0	-1890.4497	2.2039082	200457.000625	-0.0037928372621536255	395776	0.01964994969765399
794000	1580	79274.2800321579	-11756.0	-11695.5	329.40408715068935	-11174.0	-12395.0	-1922.1293	2.2311127	173002.19642578124	-0.0004641610477119684	396800	0.003612991224534845
796000	1584	79470.05839157104	-11623.75	-11669.0	282.9498514243339	-11136.0	-12007.0	-2014.7825	2.2210484	160786.83395507812	-0.0008940819092094898	397824	-0.01499353000291248
798000	1588	79669.64174461365	-11474.7	-11481.0	258.9631349500502	-10969.0	-11953.0	-1941.8922	2.2232244	5079.557033691406	0.002529565840959549	398848	-0.7217839339320198
800000	1592	79866.73225736618	-11346.4	-11327.5	292.70919644625195	-10765.0	-11736.0	-1854.432	2.2237484	7603.325913085938	0.003247061213478446	399872	-2.2828025700489523
802000	1596	80058.28990221024	-11885.35	-11824.0	361.6925526349401	-11133.0	-12622.0	-1821.625	2.2415457	4756.585203857422	0.0028626477252691983	400896	-0.6872034245270553
804000	1600	80250.64936470985	-11430.4	-11389.0	325.48464269697723	-10981.0	-12166.0	-1822.646	2.2216344	5167.4428198242185	0.00047423585318028926	401920	-1.7608661756584345
806000	1604	80445.9041492939	-11321.45	-11359.0	318.6967664526398	-10519.0	-12000.0	-1795.449	2.2003899	3444.118104248047	0.005059315916150808	402944	-0.18324059773685053
808000	1608	80638.70845484734	-11422.75	-11401.5	367.5572100116919	-10748.0	-12116.0	-1779.0728	2.2059197	4857.469455566406	0.001724058985710144	403968	-0.7127828207421176
810000	1612	80828.1742734909	-11802.3	-11849.5	302.02720337570156	-11175.0	-12343.0	-1807.561	2.2203057	3956.8906396484376	0.002881436478346586	404992	-1.3981924485037545
812000	1616	81018.58833765984	-11929.0	-12016.0	351.2996921208593	-11097.0	-12374.0	-1874.096	2.2336848	188635.6591796875	0.003868873994797468	405760	-0.03562605739395841
814000	1620	81218.98579454422	-11210.55	-11165.5	282.19132647344446	-10750.0	-11679.0	-1864.3282	2.1902733	196155.24328125	-0.0037463611736893655	406784	-0.02913129806914716
816000	1624	81416.08431839943	-10837.7	-10869.5	351.4352676787306	-10208.0	-11412.0	-1810.6145	2.1703014	168995.920546875	-0.00022121548652648926	407808	0.026941797951662516
818000	1628	81608.52317500114	-10897.95	-10955.0	220.07856850631657	-10343.0	-11140.0	-1821.097	2.186003	172462.304921875	0.0026760163716971876	408832	0.024503681135170874
820000	1632	81801.23170471191	-10815.25	-10773.5	271.37949249596664	-10478.0	-11372.0	-1863.0687	2.163002	151584.87671875	0.0018570698332041502	409856	0.03407420872770128
822000	1636	81999.1847448349	-11597.95	-11525.0	340.2436394857754	-11048.0	-12085.0	-1893.1509	2.2040699	123941.0907421875	-0.0019001294299960136	410880	-0.059214387614418884
824000	1640	82194.95843696594	-11958.15	-11973.5	325.1879254248307	-11314.0	-12646.0	-1839.823	2.2288985	6692.162707519531	-0.0022543514892458916	411904	-1.2766787671418798
826000	1644	82389.78029537201	-12045.9	-12064.5	301.31901262353335	-11424.0	-12481.0	-1839.532	2.2424843	3638.2957983398437	0.0015312066860496997	412928	-1.0411152600868303
828000	1648	82588.82205581665	-11613.85	-11584.5	226.08854227352703	-10925.0	-11935.0	-1847.8323	2.2501535	3756.704842529297	-0.0017287249956279994	413952	-0.9380714938788111
830000	1652	82785.41781544685	-11768.4	-11717.0	337.0401194298138	-11264.0	-12467.0	-1822.7288	2.2105522	4636.23646484375	0.001585691487416625	414976	-1.102275105007696
832000	1656	82988.07319617271	-11717.55	-11773.5	326.5501452586127	-11184.0	-12165.0	-1811.6647	2.2208774	2978.379315185547	0.0004747999832034111	416000	-1.1016149563060451
834000	1660	83181.65505337715	-11796.95	-11809.5	201.65381356749936	-11381.0	-12101.0	-1843.5546	2.2381635	168158.67953125	0.001103962929919362	416768	0.021130707157411055
836000	1664	83383.47571325302	-11739.8	-11751.0	284.16185158239807	-11327.0	-12558.0	-1860.664	2.2290933	196683.7353125	-0.0029201373038813473	417792	-0.0009617031398498899
838000	1668	83578.18393754959	-11170.0	-11122.0	337.3648657337912	-10465.0	-11803.0	-1862.197	2.1899524	181554.8979296875	0.0019848353788256643	418816	0.009235560175598678
840000	1672	83767.93957471848	-11087.8	-11088.5	237.10725976143993	-10500.0	-11536.0	-1825.6525	2.173135	170461.0403125	0.002056257203221321	419840	-0.01289716794942053
842000	1676	83956.95345211029	-11163.6	-11147.0	386.33192709733015	-10605.0	-11904.0	-1799.3291	2.1780007	178216.2329296875	-0.00238261048682034	420864	0.026894979837062793
844000	1680	84154.53245830536	-11127.0	-11134.5	273.06563699093147	-10723.0	-11578.0	-1822.797	2.195876	176842.115859375	-0.002464816551655531	421888	-0.034881915697689836
846000	1684	84353.56323671341	-11224.7	-11299.0	406.9963274113365	-10219.0	-11823.0	-1882.3657	2.181881	155780.62052734374	-0.0010157866030931473	422912	0.005642951457589196
848000	1688	84560.70609140396	-11711.55	-11705.0	238.3234147120253	-11194.0	-12111.0	-1941.982	2.22899	97136.64744628906	0.0012784791737794877	423936	-0.001264221430027801
850000	1692	84764.54770970345	-11549.85	-11565.5	344.349161080497	-11059.0	-12069.0	-1868.9918	2.2268598	5179.411391601562	-0.0007301475666463375	424960	-0.800038831894222
852000	1696	84977.00989031792	-11598.2	-11599.0	351.409882136456	-11000.0	-12260.0	-1838.608	2.216072	2956.456402587891	-0.003139283899217844	425984	-0.5586023098006434
854000	1700	85177.52286553383	-10991.15	-11004.0	289.4583462443713	-10424.0	-11459.0	-1857.9507	2.1929994	174496.8975	-0.0008364647999405861	426752	-0.02374337056342113
856000	1704	85378.65447831154	-11291.3	-11258.5	287.83074339289277	-10688.0	-11919.0	-1798.7572	2.1868207	165528.375078125	-0.002081190962344408	427776	0.025397475766263056
858000	1708	85583.03533625603	-11735.25	-11730.5	227.49502597222926	-11408.0	-12163.0	-1817.9331	2.2238493	166297.128125	0.0019486161693930625	428800	0.009273359932023384
860000	1712	85784.21540737152	-11248.55	-11269.0	315.2625430536136	-10410.0	-11798.0	-1862.4089	2.2059836	182252.92734375	-0.008494202680885792	429824	0.04934320079730159
862000	1716	85979.71595525742	-11106.2	-11109.5	329.1185356772173	-10634.0	-11834.0	-1806.1837	2.193078	179666.4929296875	0.005317477006465197	430848	0.018714446506665094
864000	1720	86173.46521830559	-10832.9	-10765.5	357.0146539820106	-10290.0	-11571.0	-1814.0011	2.1618955	165201.103828125	0.003177544288337231	431872	-0.034036271560466735
866000	1724	86364.58640742302	-11177.2	-11053.5	452.9040330554529	-10412.0	-12084.0	-1797.4325	2.1940293	174173.214296875	0.0010632792208343745	432896	-0.012072291890846687
868000	1728	86560.34383821487	-11083.7	-11147.0	291.4407225094704	-10438.0	-11518.0	-1862.7153	2.183941	174933.8544140625	-0.001135164722800255	433920	0.03325526848657223
870000	1732	86759.2009806633	-11324.4	-11305.0	277.8192142193799	-10765.0	-11894.0	-1848.9548	2.2036328	190121.5122265625	-0.0023375030420720575	434944	-0.04193108324030104
872000	1736	86962.4584004879	-10430.7	-10418.0	298.09537505902193	-9935.0	-10894.0	-1878.6199	2.1289904	164794.5127734375	-0.0034854889940470458	435968	0.011533125487382723
874000	1740	87164.58982300758	-10875.6	-10879.0	391.6263525351684	-9803.0	-11459.0	-1892.0737	2.1504345	55538.51209228516	-0.0029538183659315108	436992	0.017358473935681795
876000	1744	87365.46505618095	-10660.5	-10653.0	429.4099378645563	-10044.0	-11909.0	-1827.1597	2.1496286	182907.53765625	0.006098543014377356	437760	0.0037036551339766355
878000	1748	87569.0796790123	-10675.15	-10693.0	349.42347629985267	-9995.0	-11473.0	-1798.86	2.150854	172470.8813671875	0.0058162050321698185	438784	0.0013384584378240971
880000	1752	87770.7788579464	-10975.3	-10954.0	284.2541672147435	-10550.0	-11647.0	-1755.1342	2.1737602	155960.27271484374	-0.0021740962378680707	439808	-0.004427979462608533
882000	1756	87968.03279900551	-10905.15	-10944.5	276.25222552092345	-10494.0	-11356.0	-1771.3438	2.1814458	165820.8200390625	-0.005626419745385647	440832	0.012020438493604457
884000	1760	88166.92683625221	-11132.45	-11168.0	283.1139764904066	-10584.0	-11614.0	-1769.2101	2.1681292	150407.520859375	0.0012082207668572664	441856	0.02102776036692211
886000	1764	88372.00886940956	-11646.55	-11576.5	350.708227058214	-11120.0	-12408.0	-1795.1838	2.2169507	170529.3543359375	0.0027178228087723255	442880	-0.02079854464658304
888000	1768	88577.13710188866	-11650.9	-11661.0	291.7818038408694	-11022.0	-12067.0	-1839.946	2.2200384	170477.271953125	0.00046540629118680955	443904	-0.001237370723469411
890000	1772	88780.4654405117	-11780.25	-11787.0	344.48281219058936	-11075.0	-12446.0	-1900.7572	2.2237391	202977.085	-0.0008167347777634859	444928	0.004958269596980314
892000	1776	88984.06323099136	-10968.65	-10932.0	301.4533698775423	-10459.0	-11570.0	-1865.386	2.1656356	179124.3863671875	0.0016225573606789112	445952	-6.375830620242162e-05
894000	1780	89178.0432498455	-10939.05	-10948.5	301.92879519585586	-10340.0	-11488.0	-1870.343	2.1587625	190832.3229296875	0.0009471608698368072	446976	0.0082175040366399
896000	1784	89382.08308935165	-11183.9	-11170.5	325.1618058751673	-10354.0	-11720.0	-1831.5682	2.1647575	170117.1900390625	0.005646792445331812	448000	0.020085470717933873
898000	1788	89576.66948246956	-10814.1	-10846.5	331.86520725962475	-10314.0	-11313.0	-1866.2758	2.1798732	2070.5839611816405	2.07027792930603e-05	448768	-0.16513164773348965
900000	1792	89777.90708327293	-11643.3	-11643.5	374.57092645768495	-11088.0	-12356.0	-1823.3892	2.2215283	187242.253515625	-0.0016028294526040554	449792	-0.023200473869503302
902000	1796	89967.77051329613	-11295.2	-11244.0	263.60528706462065	-10931.0	-11857.0	-1819.687	2.1785297	176352.3790234375	0.008854546844959258	450816	0.014997416191670054
904000	1800	90161.91830968857	-11721.4	-11751.5	220.74500650011734	-11174.0	-12037.0	-1833.059	2.2269123	167772.6616796875	-0.0028917995281517507	451840	0.0020025374065077983
906000	1804	90360.4180893898	-11213.8	-11191.5	380.5447065512941	-10630.0	-11845.0	-1859.0496	2.1901948	193996.771796875	0.0008154140971601009	452864	0.00027696787076891827
908000	1808	90564.65726995468	-11505.45	-11459.5	327.7059778135529	-10918.0	-12081.0	-1869.6573	2.2163305	172554.7444921875	0.0018007408455014229	453888	0.0313032156177353
910000	1812	90761.75191235542	-11698.65	-11691.5	372.26253822862844	-11043.0	-12659.0	-1888.2833	2.2176807	180619.26984375	0.0006599520891904831	454912	0.030209271288250683
912000	1816	90957.57790994644	-11768.55	-11827.0	383.58207452217687	-10791.0	-12221.0	-1942.635	2.2091992	175950.509453125	0.005071526374667883	455936	0.07781425260427399
914000	1820	91153.25598621368	-11759.6	-11784.5	328.4043399931185	-11145.0	-12752.0	-1941.8177	2.229073	188673.0412890625	0.0007300787046551705	456960	-0.011141477105118591
916000	1824	91359.37797093391	-12086.0	-12105.5	491.6725482847727	-10814.0	-12879.0	-1949.1095	2.239324	189726.3302734375	-0.0013888910971581936	457984	-0.006440474621947745
918000	1828	91547.76689481735	-11672.65	-11658.5	340.6026045269271	-11035.0	-12123.0	-1934.8114	2.228815	2695.2999462890625	-0.0019474870339035988	458752	0.06115322674636181
920000	1832	91744.03697800636	-11782.75	-11815.0	270.94122007705306	-11175.0	-12270.0	-1974.4545	2.2395115	1458.7458502197267	0.0028517839312553407	459776	-0.2493441946538717
922000	1836	91935.05767583847	-11572.95	-11603.0	424.07105598745574	-10953.0	-12353.0	-1983.6023	2.240849	2776.070390625	0.0007422002404928207	460800	-0.1429737067147001
924000	1840	92126.91213107109	-11009.0	-11020.5	282.43583342061964	-10451.0	-11667.0	-1998.9185	2.2085624	2178.469508666992	0.006841161493211984	461824	0.20512678757454839
926000	1844	92320.89073634148	-11489.05	-11550.5	257.1422860269347	-11026.0	-11963.0	-1995.2119	2.2172096	209337.550703125	0.0012538407556712627	462848	0.008580480852935057
928000	1848	92512.22357296944	-10961.0	-11018.0	397.84035412263177	-9919.0	-11401.0	-1896.1047	2.1924975	178029.7232421875	-0.001325975675135851	463872	-0.021715682880487197
930000	1852	92705.18861842155	-11346.4	-11361.0	268.23249930649814	-10705.0	-11880.0	-1872.8247	2.2028468	170352.7215625	0.004373053088784218	464896	0.025952490082287394
932000	1856	92901.19577264786	-11160.3	-11088.5	429.47754061736083	-10404.0	-11837.0	-1849.3363	2.206041	182289.460390625	-0.00016982162371277808	465920	0.0010236525226022808
934000	1860	93094.4353017807	-10988.0	-10975.0	292.8374796259594	-10349.0	-11422.0	-1816.0577	2.1727734	171683.3105859375	0.005111754629760981	466944	0.0026564377522423355
936000	1864	93285.2052834034	-10920.15	-10951.5	462.36124803470557	-10027.0	-11590.0	-1777.3872	2.16626	159553.7628125	-0.004511635657399893	467968	0.00014007897853618445
938000	1868	93478.00505518913	-11519.2	-11468.5	377.5734992930794	-10802.0	-12458.0	-1829.5377	2.2212336	165824.592890625	0.0036415319330990316	468992	0.0202861757102496
940000	1872	93664.93126320839	-11488.8	-11538.0	238.99539744522278	-10901.0	-11772.0	-1884.0535	2.2210293	2827.3182153320313	-0.0005412193574011326	469760	-0.1409965131959683
942000	1876	93862.0780107975	-11768.05	-11791.5	250.90414923883415	-11284.0	-12297.0	-1931.8442	2.238292	2237.5896850585937	-0.0003381004184484482	470784	-0.2127720627392844
944000	1880	94065.6827018261	-10875.6	-10816.5	334.0227537159707	-10372.0	-11584.0	-1957.6422	2.1934507	3417.700804443359	-0.0013744019903242587	471808	-0.2068412182787307
946000	1884	94266.91571044922	-10697.5	-10795.5	343.3771135432051	-9966.0	-11231.0	-1931.3925	2.1798887	2078.86716796875	0.00021911263465881347	472832	0.03160672767396522
948000	1888	94472.1748046875	-10332.45	-10301.5	326.00459715841595	-9612.0	-10954.0	-1845.9047	2.1624036	1948.157158203125	-4.646994173526764e-05	473856	-0.5204935157932649
950000	1892	94677.9589881897	-10153.9	-10089.5	406.6139899734209	-9547.0	-10916.0	-1819.2428	2.1378255	2049.8033947753906	-0.004353139279410243	474880	-0.2856476030039239
952000	1896	94886.1084651947	-10516.6	-10559.0	390.7364706214205	-9852.0	-11096.0	-1835.305	2.126005	168290.91875	0.0020760206505656244	475904	-0.017361925025399794
954000	1900	95094.48593330383	-10964.3	-10835.5	382.02178223926336	-10420.0	-11718.0	-1760.814	2.1415732	168690.26484375	-0.002006293125450611	476928	-0.011216820157446072
956000	1904	95298.98624658585	-10008.05	-9969.5	356.14462984638845	-9479.0	-10867.0	-1743.2996	2.101521	155340.198046875	0.0051952975802123545	477952	0.002282599861236023
958000	1908	95505.27554297447	-10042.0	-10011.5	234.44537013758102	-9584.0	-10435.0	-1691.3235	2.07054	132737.4819140625	-0.0010877236537635325	478976	-0.0050694322608073605
960000	1912	95709.43094754219	-10357.85	-10331.5	207.75042592900792	-10004.0	-10761.0	-1664.683	2.1080468	134752.7546875	0.004477904140949249	480000	-0.061739271089154224
962000	1916	95911.01242852211	-10514.7	-10486.5	221.09466893522998	-10175.0	-10848.0	-1699.9714	2.1334593	1449.4590112304688	-0.00418884539976716	480768	-0.6123698964834845
964000	1920	96116.75222492218	-10216.75	-10168.5	217.15017238865147	-9873.0	-10654.0	-1732.3774	2.1236358	1293.0230999755859	0.0068123388476669785	481792	-0.5503825870512962
966000	1924	96323.89389634132	-10447.05	-10412.0	274.6880479456842	-9927.0	-10911.0	-1721.6282	2.1554725	1711.311290283203	-0.0024317124299705027	482816	-0.05920040831303797
968000	1928	96529.69996213913	-10993.75	-11011.0	324.8721003394218	-10338.0	-11733.0	-1701.1104	2.175796	2476.9353088378907	-0.0002963484451174736	483840	-0.14227797183070878
970000	1932	96728.22773551941	-11022.85	-11001.0	385.73092271276636	-10410.0	-11909.0	-1739.0422	2.2014425	1970.6723315429688	-0.0027606841921806336	484864	-0.09781135147249387
972000	1936	96933.74173879623	-11115.3	-11145.0	370.2576769878257	-10486.0	-11923.0	-1838.3495	2.2215436	1690.491265258789	-0.0037071047723293304	485888	0.057473381729927664
974000	1940	97137.34085273743	-11040.0	-11085.5	291.2770430182813	-10332.0	-11490.0	-1906.5465	2.1927273	1866.4801159667968	0.0007584915868937969	486912	-0.018052710921034665
976000	1944	97336.84019565582	-10500.4	-10452.5	218.63413322380913	-10112.0	-10912.0	-1893.8774	2.17025	2119.8536120605468	-0.003523159995675087	487936	0.036918005984617364
978000	1948	97543.08162927628	-11030.2	-11051.0	316.947878829843	-10486.0	-11646.0	-1945.09	2.1617908	179184.6513671875	-0.002700154995545745	488960	0.0028176884747745934
980000	1952	97749.5095512867	-10622.9	-10594.5	268.0490724907622	-10129.0	-11055.0	-1875.1321	2.166001	178432.8743359375	0.0009629285894334316	489984	0.009707585969497057
982000	1956	97949.64180850983	-11142.9	-11147.5	274.0666265517815	-10540.0	-11673.0	-1839.4409	2.1947618	2486.882958984375	0.002573788817971945	490752	-0.16668222211913242
984000	1960	98153.80954003334	-10656.3	-10721.5	236.83063013136845	-10251.0	-10964.0	-1866.1062	2.180872	2943.665234375	-0.003263143990188837	491776	-0.023849201272347242
986000	1964	98357.96265339851	-10839.5	-10852.0	388.1411164973243	-10027.0	-11558.0	-1820.8735	2.171092	2247.960498046875	0.003815840482711792	492800	-0.12026844074163567
988000	1968	98563.97345542908	-10936.5	-10913.0	303.2429111420327	-10303.0	-11506.0	-1793.1415	2.1858656	2362.9821936035155	-0.001059435810893774	493824	-0.012725744294576069
990000	1972	98766.92100000381	-10675.25	-10636.0	358.3367829291322	-10156.0	-11553.0	-1808.0112	2.1599014	1964.5539453125	-0.0035669788531959056	494848	0.0702439901155808
992000	1976	98966.49167728424	-9646.25	-9639.5	222.0115869427587	-9102.0	-10108.0	-1761.2252	2.098029	1798.6062731933594	0.0026626644097268583	495872	-0.1409496646279742
994000	1980	99169.38856959343	-10294.6	-10312.5	210.86947821366957	-9852.0	-10682.0	-1700.4768	2.1304188	2122.9701403808594	0.0035837465524673462	496896	-0.4243665013826321
996000	1984	99368.74616360664	-9914.85	-9864.0	341.0425617827904	-9145.0	-10535.0	-1727.3833	2.1079743	1960.7601171875	-0.002438993975520134	497920	-0.21399901019642487
998000	1988	99570.52210140228	-10820.3	-10789.0	286.03571731332323	-10223.0	-11287.0	-1713.1985	2.170303	3441.080313720703	0.003410469423979521	498944	0.016462385263548707
1000000	1992	99765.79911327362	-10690.55	-10648.5	306.3354671288531	-10162.0	-11436.0	-1796.4014	2.1923368	2042.6257690429688	-0.0031666855234652757	499968	0.27058923899366705
