steps	episodes	elapsed	mean	median	stdev	max	min	average_value	average_entropy	average_value_loss	average_policy_loss	n_updates	explained_variance
2000	0	200.4115071296692	-13978.9	-13980.5	419.8256404997825	-13080.0	-14945.0	-692.9939	2.3025787	8692.6283203125	-0.006145691256970167	768	-0.19488964317792723
4000	4	405.721492767334	-13773.75	-13710.5	266.2556893387692	-13454.0	-14297.0	-1566.3628	2.302446	5558.214260253906	-0.004793060626834631	1792	0.14603009008691614
6000	8	613.5601758956909	-13641.05	-13678.5	251.26175803856736	-13166.0	-14199.0	-1934.628	2.3007758	4997.34369140625	-0.0025014331005513667	2816	-0.5131242893945032
8000	12	820.3052747249603	-13207.5	-13202.5	339.0620964707761	-12594.0	-13882.0	-2114.9233	2.2968187	5897.943525390625	0.002181498371064663	3840	-0.7468115849669377
10000	16	1021.2170441150665	-13088.45	-13084.0	336.35718405165346	-12461.0	-13599.0	-2120.709	2.2935033	5934.856474609375	-0.0006531677395105362	4864	-1.2249550142748151
12000	20	1226.3030004501343	-12530.1	-12481.5	324.417356275264	-11880.0	-13211.0	-2104.721	2.2812612	5266.238227539063	-0.001342487446963787	5888	-0.7732430807511621
14000	24	1434.222886800766	-11915.55	-11934.0	305.7715822739513	-11341.0	-12421.0	-2071.5986	2.2509127	3304.5471960449217	0.0012350868247449397	6912	-0.9724632482597835
16000	28	1641.2505176067352	-12177.15	-12293.0	352.92630436932507	-11490.0	-12673.0	-1991.8116	2.2552876	2725.3798205566404	-0.004333211667835712	7936	-0.509972270338164
18000	32	1852.2578251361847	-12229.3	-12186.5	351.7252366624595	-11658.0	-12997.0	-2012.1927	2.2577622	5080.474035644531	0.0010773101449012756	8960	0.1441868879528866
20000	36	2062.6354990005493	-11942.15	-11959.5	372.05606184806976	-11358.0	-12729.0	-2020.9011	2.2527401	5082.062197265625	-0.001488195788115263	9984	-0.7262373211632489
22000	40	2272.0432374477386	-11669.1	-11711.5	278.09784344060597	-11141.0	-12079.0	-2012.91	2.2407486	6100.773076171875	-0.0020051911287009717	10752	-0.7836059808567304
24000	44	2483.339707136154	-12223.45	-12253.0	339.27142914129826	-11386.0	-12715.0	-2004.408	2.254314	4149.493913574219	0.0039022909477353096	11776	-0.2087807769947816
26000	48	2693.651324748993	-11946.15	-11852.0	327.9212477666583	-11357.0	-12547.0	-2087.0952	2.2494218	3517.18896484375	0.002713640369474888	12800	-0.2522601662448709
28000	52	2903.9610962867737	-11835.5	-11860.5	310.35522940825825	-11207.0	-12486.0	-2048.409	2.23525	3600.5288659667967	-0.00036890001967549324	13824	-0.1328859870495429
30000	56	3113.576811313629	-11098.35	-11196.5	331.9835561875729	-10372.0	-11825.0	-1975.2552	2.2120137	3830.463115234375	0.004324542563408613	14848	-0.492605790641649
32000	60	3319.044190645218	-10902.55	-10901.5	369.3284766765359	-10465.0	-11747.0	-1876.3102	2.1663022	3265.594842529297	-0.0008281038608402014	15872	0.09448412306707032
34000	64	3522.857855319977	-11344.5	-11317.0	307.1792721899671	-10783.0	-11883.0	-1827.3915	2.215761	3369.223865966797	0.0010524150915443898	16896	-0.42004918733521723
36000	68	3723.8260295391083	-11057.05	-11125.0	408.6695325591391	-10309.0	-11886.0	-1811.4608	2.2007725	3371.547255859375	-0.005353154009208083	17920	-0.15608604419785577
38000	72	3925.5245633125305	-10831.45	-10762.0	299.0223499831972	-10345.0	-11317.0	-1802.527	2.2002761	2733.6887353515626	-0.004111433979123831	18944	-0.4602622649964596
40000	76	4124.9255385398865	-10773.95	-10715.5	311.8330314025187	-10355.0	-11688.0	-1745.8643	2.166245	3524.0175463867185	-0.0025788719579577448	19968	-0.25413253939835
42000	80	4325.766010046005	-11160.65	-11187.5	355.8601551171471	-10411.0	-11750.0	-1753.5675	2.151755	2654.5169104003908	-0.0016623685136437417	20992	-0.8093171463665634
44000	84	4523.508818387985	-11882.55	-11880.0	329.6654564219532	-11197.0	-12539.0	-1807.9955	2.23073	3877.2199719238283	0.00494346085935831	21760	-0.4546772743960774
46000	88	4722.469873428345	-11888.8	-11953.0	242.80045955041916	-11306.0	-12281.0	-1865.1892	2.2436929	3106.2668078613283	0.004689318761229515	22784	-0.4578360674825801
48000	92	4923.027475595474	-11857.25	-11880.5	222.06634262381093	-11375.0	-12214.0	-1828.64	2.2468667	5135.322329101563	-0.001837911456823349	23808	-0.026926141041888396
50000	96	5124.881375551224	-11839.9	-11857.0	257.3643536434597	-11212.0	-12358.0	-1977.5544	2.2426324	3525.1144641113283	-0.002704643215984106	24832	-0.043857162720853715
52000	100	5325.141731262207	-11889.7	-11848.0	272.784877648458	-11552.0	-12772.0	-2063.449	2.2394698	2105.966680908203	-0.003547425512224436	25856	-0.16381585434916923
54000	104	5529.26922082901	-12071.95	-12094.5	394.77101623999437	-11335.0	-12810.0	-1995.3655	2.259646	3172.4880944824217	0.001143395323306322	26880	-0.21397829083540976
56000	108	5728.919896841049	-11557.45	-11493.5	391.16458711203177	-10892.0	-12182.0	-1964.482	2.218372	2436.8713146972655	-0.0015039943344891072	27904	0.07997096286640137
58000	112	5933.240686416626	-10677.4	-10738.0	224.90615586810517	-10330.0	-11023.0	-1892.358	2.184348	3737.30162109375	-0.002586032152175903	28928	-0.2536257930518655
60000	116	6137.333440065384	-10350.3	-10427.0	391.34277611967315	-9688.0	-10991.0	-1757.5754	2.153938	2669.754759521484	0.0028442517668008805	29952	-0.6812059527008418
62000	120	6338.536958217621	-10524.8	-10599.5	342.2477711280312	-9998.0	-11059.0	-1743.7114	2.1701934	2964.8444482421874	-0.00046009760349988935	30976	-0.532242061183628
64000	124	6544.509733200073	-11367.55	-11364.5	323.57078051023086	-10816.0	-11919.0	-1729.876	2.186367	3092.8937890625	-0.002969485800713301	32000	-0.6004423949091195
66000	128	6745.913541555405	-11710.1	-11730.5	306.0388520226941	-10805.0	-12400.0	-1762.8123	2.2215474	4996.595627441407	-0.0007683951407670975	32768	-1.183734103074439
68000	132	6948.919756650925	-11598.4	-11605.5	272.95852779266096	-10904.0	-11980.0	-1810.1545	2.230247	2837.9757958984374	-0.0018360302969813347	33792	-0.2292142378643962
70000	136	7150.174911737442	-10981.45	-10949.5	380.6146656189308	-10192.0	-11738.0	-1858.9978	2.1996293	3104.743377685547	0.0006826665811240673	34816	-0.3523567721702108
72000	140	7352.066416978836	-11080.2	-11101.0	334.2291366554892	-10396.0	-11950.0	-1808.242	2.1909282	3989.7076318359377	0.0014971351064741612	35840	-1.295587908621064
74000	144	7552.88876247406	-10669.65	-10726.5	286.1856730755127	-10180.0	-11086.0	-1779.3018	2.1622188	2806.8985620117187	0.0026881840080022813	36864	-0.18404763937175073
76000	148	7756.016870260239	-11078.4	-11036.5	285.0513157864369	-10529.0	-11493.0	-1816.5344	2.193824	4065.005029296875	0.0021179777663201094	37888	-0.05464455048457095
78000	152	7954.077979326248	-11250.8	-11371.5	335.44339862965035	-10506.0	-11709.0	-1932.0988	2.203016	2931.5985693359376	0.0006032112054526806	38912	0.25552856542475755
80000	156	8152.891692638397	-11039.7	-11046.5	425.0089906169788	-10105.0	-11785.0	-1902.3545	2.2211707	2499.137216796875	0.0017655856581404806	39936	-1.0779374819752916
82000	160	8349.898703098297	-11197.6	-11106.0	404.7038423341197	-10434.0	-11909.0	-1818.2968	2.1972234	3131.6500659179687	-0.0017944114841520786	40960	-0.41828146238168906
84000	164	8557.038965702057	-11689.8	-11677.5	338.1174819185594	-11041.0	-12323.0	-1854.8263	2.2401109	3970.099440917969	-0.006447684187442064	41984	0.03538972865444956
86000	168	8761.088121891022	-11086.0	-11071.5	298.1580294513562	-10471.0	-11535.0	-1833.2144	2.2058327	4183.0763647460935	0.0015884842909872532	42752	0.2772535811816891
88000	172	8974.775947332382	-11096.25	-11085.5	276.70407430473824	-10721.0	-11772.0	-1800.9045	2.1844537	3284.2021545410157	0.0025925220549106597	43776	-0.5643648008089528
90000	176	9187.094054937363	-11486.65	-11526.5	365.73549185169327	-10711.0	-12260.0	-1831.1008	2.2088962	3353.4892700195314	0.004198697684332728	44800	-0.0958299057940557
92000	180	9397.155986309052	-10461.45	-10474.0	375.6607477078502	-9756.0	-11228.0	-1808.5955	2.1425712	3492.494724121094	6.348975002765656e-05	45824	-0.5013619526762354
94000	184	9589.736157417297	-10461.25	-10500.5	339.78288346345056	-9651.0	-11000.0	-1749.0105	2.14666	2370.6994616699217	-0.001265097688883543	46848	-0.17397810044513728
96000	188	9782.40392613411	-10694.5	-10786.0	307.7342496717787	-10123.0	-11247.0	-1720.0995	2.1694658	2392.0039642333986	0.0004699350520968437	47872	-0.6545152965573149
98000	192	9978.793424129486	-10392.55	-10389.0	263.7633458833485	-9936.0	-10917.0	-1701.69	2.1378808	2164.699228515625	0.00038984904065728185	48896	-0.5890291013215363
100000	196	10177.433459043503	-11074.5	-11025.0	314.82384381043784	-10574.0	-11661.0	-1667.9814	2.1435628	3708.05751953125	-0.0003361443243920803	49920	-1.071727435235728
102000	200	10371.513643980026	-10921.2	-10888.0	445.05169421800406	-10276.0	-11999.0	-1779.9202	2.177949	3281.78462890625	-0.003453932972624898	50944	-0.09542976350558896
104000	204	10566.871541976929	-10720.5	-10633.0	319.9102670240023	-10263.0	-11180.0	-1879.358	2.1865711	2642.1674487304685	-0.005029020793735981	51968	-0.025947280436728226
106000	208	10760.554264068604	-10978.5	-10917.0	357.5549276905431	-10296.0	-11693.0	-1804.947	2.183701	2584.27265625	0.002559518739581108	52992	-0.1576659000074505
108000	212	10953.79289984703	-12029.2	-12097.5	385.3865591844116	-11011.0	-12527.0	-1784.707	2.2345698	5136.604523925781	0.0034029224794358015	53760	-0.4451091762771131
110000	216	11150.231806278229	-11916.3	-11943.0	325.0038218398767	-11386.0	-12620.0	-1861.8846	2.2506905	2872.72982421875	-0.002163641024380922	54784	-0.10170993473715373
112000	220	11346.719097614288	-12120.65	-12032.0	321.03275369869726	-11416.0	-12621.0	-1889.3148	2.2391741	3883.3656713867185	9.74038802087307e-05	55808	-0.15095905866417203
114000	224	11540.756828546524	-11843.1	-11880.0	274.1570621684623	-11389.0	-12311.0	-1873.141	2.2401593	4303.412309570313	-0.0035097416676580905	56832	-0.1538254232321723
116000	228	11734.857437849045	-11464.55	-11479.5	302.571518296436	-10902.0	-12074.0	-1850.4158	2.2140803	1980.679031982422	0.003973531648516655	57856	-0.04786736367692224
118000	232	11926.250557661057	-11442.55	-11382.5	370.9534621116665	-10922.0	-12394.0	-1826.9968	2.2252808	3286.911951904297	0.0015968382358551025	58880	-1.1329146691258138
120000	236	12121.22559762001	-12150.2	-12228.5	331.45637166268125	-11549.0	-12752.0	-1837.758	2.2429903	4018.767530517578	-0.0010179673880338668	59904	-0.5298690704524416
122000	240	12316.609896421432	-11503.55	-11509.5	283.02565905622504	-11099.0	-12228.0	-1899.3629	2.2415586	2467.558262939453	0.002962730582803488	60928	-0.6394783458612647
124000	244	12510.08072400093	-11192.5	-11200.5	330.5885501249011	-10603.0	-11745.0	-1910.1781	2.2203515	4301.644919433594	-0.003603739123791456	61952	-0.1579918833306504
126000	248	12697.997334957123	-10610.75	-10583.0	253.88929933297598	-10178.0	-11044.0	-1869.5988	2.1646292	1963.0792517089844	0.0034378383215516806	62976	-0.14214551429140543
128000	252	12885.98442530632	-10605.65	-10601.0	377.3255295671867	-9857.0	-11492.0	-1866.9791	2.1835868	3132.7370471191407	0.0010901778098195791	64000	-0.2504310694117986
130000	256	13071.657505989075	-10897.7	-10864.5	273.9990587767161	-10543.0	-11553.0	-1805.8604	2.1658688	4060.9594213867185	-0.0016945679299533367	64768	-0.2184974234196717
132000	260	13261.305119991302	-10752.8	-10782.0	288.23995851410075	-9818.0	-11188.0	-1826.5654	2.180498	3120.490145263672	-0.00205216184258461	65792	-0.8554326051353547
134000	264	13454.263960123062	-10667.05	-10670.0	278.5737122520622	-10142.0	-11339.0	-1699.144	2.136544	3583.692506103516	-0.004290239606052637	66816	-0.5831368857029651
136000	268	13650.380877494812	-11317.5	-11292.5	341.3191900167411	-10902.0	-12493.0	-1757.1753	2.1846204	3681.072802734375	-0.000778734739869833	67840	-0.19462819898906414
138000	272	13845.891194105148	-10927.9	-10928.5	226.27275110966596	-10442.0	-11483.0	-1783.9392	2.1659908	3693.4428076171876	-0.00023954832926392555	68864	-0.24201856347121753
140000	276	14044.374436616898	-11691.25	-11717.0	343.8337840478035	-11114.0	-12210.0	-1729.622	2.1924088	5762.737145996094	-0.00492515929043293	69888	-0.15631648897676165
142000	280	14241.660140275955	-11253.45	-11322.5	282.7080463546876	-10689.0	-11608.0	-1750.9044	2.1689405	3297.918690185547	0.004033375792205334	70912	-0.35218999358474923
144000	284	14443.828868627548	-11166.85	-11200.5	317.75731802414043	-10652.0	-11878.0	-1744.2886	2.209143	3191.1438220214845	-0.0016779080498963595	71936	-0.7388438118157274
146000	288	14635.320950508118	-11145.65	-11062.0	274.7382055320071	-10714.0	-11624.0	-1720.9423	2.1868155	2074.3201501464846	0.001257238555699587	72960	0.12550616720395846
148000	292	14828.848256111145	-11151.5	-11173.5	329.4704682876513	-10507.0	-11892.0	-1741.66	2.180756	2650.4761206054686	0.0038115534745156764	73984	-0.046243608485865506
150000	296	15016.778073072433	-11361.5	-11345.5	271.3390770545999	-10846.0	-11922.0	-1777.0723	2.2166855	3406.3619128417968	0.000797960665076971	74752	-0.8124661250970775
152000	300	15215.332891702652	-11134.05	-11096.5	349.0583535893767	-10545.0	-12005.0	-1811.3875	2.202208	3108.096590576172	0.000404279213398695	75776	-0.3596941900461659
154000	304	15413.77961063385	-10725.65	-10802.0	404.23967291434263	-10087.0	-11309.0	-1839.5505	2.16854	5203.627124023437	-0.0010168769769370557	76800	0.4758716658574258
156000	308	15606.60340833664	-10408.45	-10376.0	279.570624727503	-9969.0	-10960.0	-1729.811	2.1483197	6156.132116699218	0.0016647020447999239	77824	-0.6171395400555693
158000	312	15800.376970767975	-10911.15	-10867.5	312.6000092601945	-10329.0	-11590.0	-1665.0796	2.1730046	4108.526589355469	-0.0019357207603752614	78848	-0.3577639409462594
160000	316	15999.581327676773	-11350.4	-11325.5	303.0675450161321	-10946.0	-12003.0	-1663.5804	2.1782866	2868.8059692382812	0.00037639856338500977	79872	-0.12549384564420918
162000	320	16198.745735168457	-10905.1	-10904.0	262.09899696589133	-10381.0	-11512.0	-1684.1012	2.1710336	2927.4314196777345	-0.0029414906166493893	80896	-0.10031465605310963
164000	324	16400.41353750229	-11531.6	-11522.0	334.7092060753318	-10860.0	-12034.0	-1690.8398	2.2064683	2917.1626708984377	-0.0004925452265888453	81920	-0.9413856230963293
166000	328	16610.225919485092	-11718.5	-11650.5	370.50726251849284	-11164.0	-12570.0	-1728.1365	2.23329	2763.1294299316405	-0.0018258454464375974	82944	-0.026829561112955203
168000	332	16814.185755968094	-11715.8	-11783.5	233.36183785790908	-11269.0	-12033.0	-1751.0159	2.232304	4013.0155590820314	0.0025776836276054384	83968	-0.26260524966684096
170000	336	17020.744715213776	-11591.3	-11624.5	232.18302671542733	-11126.0	-11996.0	-1801.7853	2.243771	3096.812517089844	-0.0009443379193544388	84992	-0.017169486155293123
172000	340	17219.63805937767	-11691.0	-11645.0	335.68437556728793	-11061.0	-12344.0	-1826.8383	2.2188828	4597.342946777344	-0.0011762911174446344	85760	-0.34887381135911344
174000	344	17421.2561750412	-11596.6	-11585.5	371.5189872600549	-10937.0	-12261.0	-1846.9786	2.2234156	2154.526151123047	-0.006818953361362219	86784	0.12518355365129974
176000	348	17622.526727437973	-11955.3	-11944.5	279.91485547535603	-11407.0	-12465.0	-1835.8822	2.2432654	4302.533973388672	-0.0016003603115677834	87808	-1.038509297670453
178000	352	17828.786726236343	-11970.6	-11939.5	390.4336859927621	-11359.0	-12628.0	-1907.8798	2.2453263	2904.2049731445313	-0.0025165244191884995	88832	-0.7040255088098986
180000	356	18027.517537355423	-11053.05	-10928.0	318.7053539424447	-10611.0	-11743.0	-1986.6425	2.1897447	3460.4533532714845	0.0008628790266811848	89856	0.03006864206481019
182000	360	18234.871319770813	-10659.3	-10724.0	334.49728187079097	-9889.0	-11327.0	-1849.4668	2.1832592	2867.5363903808593	0.00084943319670856	90880	-0.1128380222840859
184000	364	18434.429998874664	-10563.6	-10512.5	375.5891372231098	-10059.0	-11441.0	-1700.9043	2.1441169	3042.4289428710936	0.0016532356385141611	91904	-0.6898796924491648
186000	368	18628.773750782013	-10759.8	-10722.0	330.8799432454395	-10311.0	-11425.0	-1672.7185	2.1750302	2514.1189001464845	-0.004893803857266903	92928	-0.6850268680427096
188000	372	18824.748539209366	-11087.35	-11115.5	276.0040569877266	-10574.0	-11505.0	-1676.17	2.1894028	2981.2478845214846	-0.006108275032602251	93952	-0.3737505948986115
190000	376	19017.283900260925	-10812.2	-10802.5	248.23537217729466	-10343.0	-11285.0	-1634.0546	2.1869	4178.672082519532	0.004098497442901135	94976	-0.6903929627426357
192000	380	19209.25355029106	-11841.9	-11882.0	268.63493130229637	-11338.0	-12372.0	-1625.6655	2.2248857	3069.3667822265625	-0.0015490693226456642	96000	-0.0755834400981168
194000	384	19396.7043697834	-12053.15	-12013.0	338.24006967957257	-11437.0	-12792.0	-1760.2958	2.2568886	3609.343203125	-0.004403389059007168	96768	-0.5898018575083765
196000	388	19589.462572336197	-11213.0	-11125.5	275.92657299399514	-10877.0	-11717.0	-1814.498	2.2191346	5813.2008374023435	-0.0003607269376516342	97792	-1.2690886198239872
198000	392	19784.615926504135	-11440.55	-11499.5	314.26563939645575	-10653.0	-11816.0	-1778.1907	2.2195094	3105.7229345703126	-0.003437803313136101	98816	-2.5021679573235014
200000	396	19982.314219236374	-11473.3	-11516.5	317.026995363918	-10980.0	-12226.0	-1831.2542	2.2152705	3798.5496545410156	-0.0016307607293128967	99840	-1.5448145711863495
202000	400	20177.85287809372	-11610.95	-11629.5	309.79067210991974	-11037.0	-12011.0	-1857.8112	2.2326353	4707.0453515625	-0.00030921966768801215	100864	-1.8137940492264364
204000	404	20373.860971212387	-11902.7	-11938.5	408.5759737377976	-11250.0	-12673.0	-1951.95	2.2302675	3983.253621826172	0.0009283251687884331	101888	-1.0185763212482444
206000	408	20568.025505065918	-11331.75	-11324.5	342.1656839356599	-10689.0	-12036.0	-2062.9683	2.2232578	4001.6508532714843	0.005654940381646156	102912	-0.6041329066900054
208000	412	20761.63290166855	-11919.55	-11881.5	368.9579172979516	-11005.0	-12567.0	-1959.7642	2.246991	2174.8974951171876	0.0021934516169130804	103936	-0.016374634710792035
210000	416	20958.56149840355	-12252.05	-12243.0	341.96467576883464	-11709.0	-12841.0	-1933.7155	2.256954	2624.8683312988283	-0.004435194749385118	104960	-0.1538382781702845
212000	420	21154.54519891739	-11529.85	-11475.5	314.4144557745397	-10801.0	-12301.0	-1904.1244	2.2559917	3836.8104663085937	5.344521254301071e-05	105984	-0.005046581001695527
214000	424	21346.34340596199	-11784.9	-11748.0	389.960173405061	-10990.0	-12638.0	-1878.4757	2.232231	4428.692932128906	0.006654632240533829	106752	-1.221363677013339
216000	428	21540.001083612442	-11771.45	-11751.0	344.7733771319174	-11010.0	-12700.0	-1842.5518	2.2500525	4126.532286376953	0.0014430861920118332	107776	-1.4344257929122866
218000	432	21733.18674492836	-12327.55	-12314.0	269.69465677824775	-11769.0	-12901.0	-1828.3917	2.266179	6202.701242675781	-0.0020160406827926637	108800	-0.9292090730600604
220000	436	21932.52312040329	-12492.45	-12484.5	278.2215086846034	-11952.0	-12933.0	-1847.64	2.276505	3579.27732421875	-0.00061933608725667	109824	-1.3592157904136912
222000	440	22122.813437223434	-12068.4	-12050.0	320.3449456609645	-11522.0	-12818.0	-1853.3392	2.256713	4940.753168945313	0.004435924403369426	110848	-0.5894199606577863
224000	444	22314.984220981598	-11859.15	-11877.0	284.59357447345667	-11256.0	-12425.0	-1881.1686	2.2360594	5107.754030761719	0.0011005291528999805	111872	-1.0728576196805495
226000	448	22507.894122600555	-11277.35	-11363.5	351.27815863905073	-10622.0	-11891.0	-1864.0964	2.2131608	5014.680017089844	-0.00020445256028324367	112896	0.09589494885226235
228000	452	22700.582777261734	-11097.3	-11215.5	348.76958160457684	-10289.0	-11635.0	-1863.1545	2.1984735	4676.797651367187	0.0020843467954546214	113920	-1.6738202907487092
230000	456	22894.9281270504	-11203.2	-11217.5	439.31185422562623	-10343.0	-12029.0	-1906.2555	2.212977	5625.075236816407	0.002629249868914485	114944	-0.6322874783662416
232000	460	23084.260115385056	-11037.4	-11157.5	372.1040318597956	-10142.0	-11507.0	-1979.9692	2.2181215	3552.0859619140624	-0.003158085122704506	115968	-0.335256415511497
234000	464	23278.29555940628	-11584.95	-11563.5	334.50945624270395	-11026.0	-12300.0	-1851.25	2.2208865	1834.1825329589844	0.0028505517914891245	116992	-0.04022403703515476
236000	468	23467.391056776047	-12027.05	-11954.0	344.06906818865673	-11329.0	-12553.0	-1828.9025	2.2475932	4371.738234863281	0.004290059562772512	117760	-0.5946843615901658
238000	472	23660.375692367554	-11303.0	-11294.5	378.29729328302517	-10608.0	-11895.0	-1753.131	2.2090786	4593.3592846679685	-0.0008340398594737053	118784	-1.1833887917082384
240000	476	23858.276366472244	-11193.05	-11144.0	295.6403353650121	-10801.0	-11980.0	-1731.843	2.2082095	3042.5393273925783	0.000881570540368557	119808	-0.8552893091138045
242000	480	24051.337596654892	-11561.65	-11578.0	204.43716702976957	-11181.0	-11900.0	-1706.958	2.2176871	2622.709265136719	-0.0005214010924100876	120832	-0.5336684300589971
244000	484	24239.847841978073	-11245.35	-11307.0	248.69009990241608	-10765.0	-11624.0	-1727.2068	2.1855652	4956.520534667969	0.0029054836742579936	121856	-1.1443654273094421
246000	488	24432.909858703613	-10672.85	-10651.5	358.7421409372065	-10014.0	-11404.0	-1686.405	2.1537676	5876.446540527344	-0.004811914935708046	122880	-0.13485992890963416
248000	492	24628.938048362732	-11531.9	-11529.0	250.25521709688795	-11036.0	-12003.0	-1622.9175	2.1974664	7335.202153320312	-0.0006656348705291748	123904	-0.37795701277241345
250000	496	24823.329097509384	-12153.6	-12189.0	261.19510755472874	-11656.0	-12712.0	-1703.4298	2.2389827	4485.788354492188	-0.001317718755453825	124928	-0.7781065227637223
252000	500	24986.003901720047	-11828.85	-11822.0	340.70534808031164	-11203.0	-12415.0	-1787.8542	2.215339	4545.7688891601565	0.0004708808846771717	125952	-0.9634912922782599
254000	504	25158.486757040024	-12339.05	-12291.0	240.71439180292612	-11965.0	-12786.0	-1872.8018	2.2412455	6084.0140380859375	-0.006192935602739453	126976	-0.46771117336716994
256000	508	25337.037546873093	-12579.05	-12606.0	318.31455396063484	-12053.0	-13164.0	-2020.1038	2.2639096	5225.1991674804685	-0.0006290869973599911	128000	-0.4130692158929856
258000	512	25497.09057688713	-12449.2	-12426.5	335.83605022626585	-11912.0	-13281.0	-1934.9698	2.2687695	7144.920727539063	-0.0010677507892251014	128768	-0.4213042379400267
260000	516	25661.9963183403	-12247.65	-12279.5	304.6525674306804	-11750.0	-12817.0	-1941.3572	2.2713027	8034.159931640625	-0.0017321180552244187	129792	-1.1216428856147411
262000	520	25830.015582561493	-11987.25	-12021.0	331.6764236420792	-11432.0	-12629.0	-1885.515	2.2536972	5690.336713867187	-0.0007197255548089743	130816	-1.532674929432865
264000	524	26006.444887399673	-11806.7	-11764.5	324.21631830096334	-11376.0	-12575.0	-1815.6245	2.2528698	6278.273229980468	-0.0038284895941615104	131840	-0.03618848128793095
266000	528	26182.741378307343	-11616.5	-11554.0	308.0921769108788	-11024.0	-12178.0	-1799.5417	2.2336247	4710.294553222656	0.0015262915287166834	132864	-2.428512923141679
268000	532	26342.763137340546	-11986.45	-11988.0	360.3998473917546	-11396.0	-12765.0	-1741.3452	2.2116072	3762.8508361816407	0.0006384367868304253	133888	0.08509499672614185
270000	536	26509.752646923065	-12005.6	-12054.5	285.5739189034859	-11514.0	-12540.0	-1808.787	2.2422745	4724.626704101563	0.001745306495577097	134912	-0.947993335972924
272000	540	26688.226640462875	-12026.45	-11999.0	317.91069169616935	-11436.0	-12512.0	-1837.7489	2.2285488	6872.155920410156	-0.004515433358028531	135936	-0.2122456965664925
274000	544	26857.041324853897	-11478.9	-11443.5	398.80121680646334	-10656.0	-12302.0	-1831.0737	2.2047567	5808.157438964844	0.003250031238421798	136960	-0.47243123060039927
276000	548	27034.124653816223	-12333.1	-12281.5	214.35776783587514	-11967.0	-12708.0	-1842.2196	2.236172	6129.751770019531	0.00028449535369873047	137984	-0.13212042123754042
278000	552	27196.953831911087	-12179.55	-12210.5	297.91564948912355	-11630.0	-12712.0	-1912.6289	2.2398648	162954.7650390625	0.005905944146215916	138752	0.03591321639261713
280000	556	27363.808495283127	-12531.9	-12538.0	326.20302041261937	-11926.0	-13016.0	-1991.1298	2.2631884	167747.0158203125	-0.0028054316155612467	139776	0.09883061621581957
282000	560	27537.60156226158	-12087.5	-12120.0	351.45988765658444	-11517.0	-12784.0	-2077.7312	2.2523966	129306.17928710938	0.00019418809562921524	140800	-0.027030909927151736
284000	564	27715.317732810974	-12021.15	-12032.5	251.09701941260622	-11566.0	-12499.0	-1930.1351	2.2598681	5121.474475097656	0.0018660034611821174	141824	-1.2817125721802158
286000	568	27886.1431286335	-12279.7	-12242.0	370.10867536299037	-11519.0	-12808.0	-1948.8296	2.2631485	7653.760456542968	-1.4841705560684204e-05	142848	-0.9862286767638371
288000	572	28049.764310359955	-11964.4	-11975.0	336.1277012966164	-11209.0	-12593.0	-1949.465	2.2408302	6540.44666015625	0.000688930070027709	143872	-1.2489437598140514
290000	576	28227.96343398094	-11767.6	-11796.0	296.6389618445469	-11125.0	-12287.0	-1899.7837	2.2364368	4105.085920410156	-0.0033728523179888726	144896	-0.30434463657931476
292000	580	28402.032593250275	-11790.95	-11797.0	187.6885648312679	-11364.0	-12124.0	-1824.0592	2.229893	7230.262536621094	0.002800940815359354	145920	-0.07773795886042989
294000	584	28574.397972345352	-11949.2	-11919.0	264.124890714103	-11478.0	-12551.0	-1812.0833	2.2388203	8188.248100585937	-0.003138299798592925	146944	-1.4602918156477225
296000	588	28744.482713222504	-12005.7	-11977.5	216.96618703334735	-11656.0	-12413.0	-1846.9523	2.2577975	6629.7664453125	0.0025987369008362293	147968	-0.5637901768959053
298000	592	28922.06178545952	-11930.8	-11912.0	242.45642039235358	-11571.0	-12416.0	-1904.7942	2.253191	4104.67111328125	0.0019505661819130182	148992	-0.08524160390544488
300000	596	29078.914712667465	-12410.0	-12375.0	370.6424010737091	-11803.0	-13159.0	-1988.2113	2.2555113	154463.016484375	-0.002838416695594788	149760	0.031451287808190176
302000	600	29249.97664308548	-12871.85	-12907.5	349.76161430623756	-12093.0	-13470.0	-1978.3855	2.2830815	156408.5018359375	0.0025740319490432737	150784	-0.047590908147082
304000	604	29430.000081777573	-12621.05	-12519.0	355.9560107358034	-12005.0	-13406.0	-1998.6256	2.2759683	126040.66578125	-0.0033749369345605373	151808	0.039203111039601835
306000	608	29599.53963780403	-12251.2	-12187.5	345.3658014947416	-11715.0	-12771.0	-2013.7798	2.2574728	171791.5039453125	-0.0014089896902441978	152832	-0.06902025704007886
308000	612	29781.858155727386	-11660.55	-11647.0	321.28729150747705	-11092.0	-12334.0	-2088.6733	2.2317243	129779.83970947265	-0.0033398788794875146	153856	-0.021331818801109126
310000	616	29957.405333280563	-11729.15	-11724.5	305.42485939563284	-11173.0	-12263.0	-1982.1593	2.2349067	7017.533696289062	0.0011094579100608827	154880	-1.0133114316666196
312000	620	30135.917627096176	-11981.6	-11947.0	369.2552105608204	-11257.0	-12578.0	-1894.4513	2.2342246	7349.243686523438	0.00281738955527544	155904	-0.25139252773131204
314000	624	30313.610597133636	-11995.7	-12017.0	252.74786687631277	-11276.0	-12319.0	-1923.9823	2.2505867	7471.889931640625	-0.0012125574983656406	156928	-0.9686395108414194
316000	628	30490.33603668213	-11634.35	-11611.0	328.5725546728006	-10966.0	-12379.0	-1895.9785	2.2189898	6641.373552246094	-0.0028000023774802686	157952	-1.1984158281017114
318000	632	30652.089421272278	-11715.55	-11699.0	247.99882745902778	-11270.0	-12101.0	-1854.6097	2.2306395	6533.396284179687	0.0037179010920226573	158976	-0.6047635692697986
320000	636	30829.902540922165	-11745.2	-11712.0	344.7675952534433	-11167.0	-12490.0	-1836.4491	2.2283137	3707.5999731445313	0.0027596659585833547	160000	-1.3356120276751873
322000	640	30999.676273345947	-11768.85	-11684.0	373.98343264740595	-11061.0	-12523.0	-1819.9062	2.2299068	157045.91341796875	-0.0034679722785949706	160768	0.07275822009380395
324000	644	31181.77819418907	-11896.15	-11914.0	349.426187522223	-11427.0	-12522.0	-1833.7268	2.236493	170223.299453125	-0.00011181231588125229	161792	-0.020393886148834195
326000	648	31362.964052915573	-11345.05	-11334.5	215.44042405219471	-10868.0	-11691.0	-1841.6757	2.2049592	163873.6704296875	0.005031299199908972	162816	-0.013959789042922388
328000	652	31544.107061624527	-11901.75	-11864.0	270.3229793374857	-11509.0	-12514.0	-1877.5695	2.2345386	171480.60640625	0.0006906885467469693	163840	-0.012836843207513216
330000	656	31721.93156337738	-11928.6	-11955.5	313.309398115295	-11339.0	-12664.0	-1937.8416	2.234964	194058.9269140625	0.0001483340375125408	164864	0.014626588224286863
332000	660	31901.285634994507	-11078.75	-11084.5	326.7496828814955	-10491.0	-11710.0	-1969.0582	2.2098892	172855.02982421874	-0.0028040907718241215	165888	-0.026042424761616
334000	664	32082.030869960785	-11352.9	-11340.0	292.35070863964955	-10594.0	-11828.0	-1960.5217	2.188113	92790.92014160156	-0.0011290088295936584	166912	0.018944674562021424
336000	668	32261.04965209961	-11205.0	-11225.5	265.77651870460045	-10684.0	-11560.0	-1870.5621	2.1932185	4471.702009277344	-6.197303533554077e-05	167936	-0.5844955835904417
338000	672	32441.406611919403	-11171.3	-11169.5	288.1744902695331	-10669.0	-11639.0	-1824.8638	2.1960216	4423.49193359375	0.004822090622037649	168960	-0.7589366400901736
340000	676	32621.303590536118	-12090.05	-12089.5	376.7666421428242	-11559.0	-12744.0	-1838.6127	2.228159	4291.482165527344	0.004759414941072464	169984	-1.2530822041348078
342000	680	32787.90254211426	-11546.6	-11540.5	252.71773311657205	-11006.0	-12116.0	-1857.9532	2.2067676	167818.7047265625	-0.00010577870532870293	170752	-0.010677769613812504
344000	684	32972.26439976692	-11858.0	-11821.5	325.4158473157239	-11342.0	-12624.0	-1852.947	2.2221556	128299.63046875	0.009696638509631157	171776	0.056227843527088206
346000	688	33146.215269088745	-10806.05	-10816.5	347.4573014282323	-10225.0	-11305.0	-1817.0193	2.1785479	163579.707109375	0.0009461206570267677	172800	0.008710569632973675
348000	692	33320.57547855377	-10745.2	-10840.5	355.3605433773897	-9966.0	-11389.0	-1796.1497	2.1381536	130269.7006640625	-0.0003176919557154179	173824	0.03464140831208229
350000	696	33503.4233148098	-11532.45	-11535.5	321.1193375481589	-10842.0	-12044.0	-1785.0735	2.197205	152932.6383984375	-0.002478811573237181	174848	-0.07434650790551589
352000	700	33685.12814474106	-11080.15	-11181.0	431.4399726497303	-10143.0	-11884.0	-1828.8398	2.1730628	118631.7970703125	0.00021526341326534747	175872	-0.016149815427167535
354000	704	33868.13793849945	-11845.15	-11826.5	339.6449035777157	-11188.0	-12366.0	-1841.0795	2.2190747	118951.837109375	0.002575453408062458	176896	0.041428533371027476
356000	708	34049.810787439346	-11642.15	-11632.0	320.04708124044237	-11073.0	-12126.0	-1889.3564	2.224779	154136.85046875	0.0016988372430205346	177920	0.005407455351446933
358000	712	34228.49526929855	-11976.5	-12000.0	369.2981251822948	-11305.0	-12778.0	-1962.5428	2.22551	140491.1148046875	-0.0021688547357916832	178944	0.015149974089197271
360000	716	34415.6401848793	-11880.25	-11848.0	224.92615747349055	-11405.0	-12403.0	-2019.7352	2.252227	63217.554956054686	-0.0003208550065755844	179968	0.0021879224971721456
362000	720	34598.616632938385	-11262.0	-11250.5	277.0118751017155	-10827.0	-11946.0	-1984.0227	2.2052312	5356.238029785156	2.2246707230806352e-05	180992	-1.1460373134226605
364000	724	34774.51363372803	-11037.65	-11072.0	334.76972053857213	-10413.0	-11633.0	-1912.2341	2.1864655	150103.48453125	0.0024440723657608034	181760	0.018391703023714956
366000	728	34951.619134664536	-11441.1	-11634.0	339.16288587918154	-10758.0	-11778.0	-1853.678	2.212459	130584.06232421874	0.0024831472150981426	182784	-0.03524907882626693
368000	732	35134.95794415474	-11354.4	-11288.0	352.56031958711463	-10695.0	-12309.0	-1794.0477	2.20077	116390.65791015625	-0.002594146113842726	183808	0.06663663783718021
370000	736	35316.90716505051	-11282.7	-11331.0	271.39699024821454	-10592.0	-11695.0	-1797.2582	2.1839848	129493.422890625	-0.002485672514885664	184832	0.03947021142890872
372000	740	35495.86022377014	-11804.1	-11885.5	318.53610883474255	-11183.0	-12206.0	-1861.8928	2.2306983	145884.9451953125	-0.0011164853721857071	185856	0.011560746073787542
374000	744	35673.39469242096	-11370.15	-11363.5	362.89903989662844	-10775.0	-11946.0	-1970.8755	2.2225416	169385.3386328125	-0.002419406622648239	186880	-0.008850433195663587
376000	748	35853.407353401184	-11136.3	-11067.5	298.8677052863991	-10498.0	-11562.0	-1943.5461	2.1797729	144240.0085546875	0.0013422210700809955	187904	0.0071230966352591185
378000	752	36038.531210422516	-11310.15	-11331.5	347.9254722070897	-10701.0	-12086.0	-1908.2073	2.1819448	137638.38212890626	-0.0003420930542051792	188928	0.033809448319086055
380000	756	36227.589118003845	-11987.65	-11959.5	245.41249378396193	-11693.0	-12589.0	-1910.1821	2.2188108	158942.4001171875	-0.002746975552290678	189952	-0.010830865889521757
382000	760	36415.51695871353	-12217.25	-12211.0	313.5405413222213	-11639.0	-12716.0	-1978.7738	2.2509708	186787.29015625	0.0004441653564572334	190976	-0.04384915806905787
384000	764	36605.51355934143	-11599.6	-11652.5	312.2373253927548	-10832.0	-11985.0	-2068.2468	2.2411406	181112.9583203125	0.0044480875134468075	192000	-0.05216847420346382
386000	768	36785.54696917534	-12042.7	-12020.0	264.97330550751514	-11664.0	-12723.0	-1977.7877	2.233452	174534.72734375	-0.0054315681755542754	192768	-0.05062964396293945
388000	772	36974.845136880875	-12468.0	-12444.0	364.8730132381315	-11859.0	-13196.0	-1946.7411	2.2614028	146442.904765625	0.004707725401967764	193792	0.004527863905582352
390000	776	37164.213676929474	-12125.3	-12147.0	300.198723655199	-11524.0	-12551.0	-1984.6597	2.2397435	165317.111953125	0.0023754048720002175	194816	0.0032769380684971594
392000	780	37351.38316679001	-10984.15	-10971.5	305.5776712358001	-10520.0	-11624.0	-1950.2933	2.20761	162312.4409375	-0.001403206354007125	195840	-0.08232393389887238
394000	784	37539.64955115318	-11396.6	-11438.5	275.1714106936945	-10707.0	-12094.0	-1913.7437	2.1942422	153405.736640625	0.0012940799072384834	196864	0.019423599060925834
396000	788	37725.11165642738	-10646.95	-10577.5	352.5621221855802	-9930.0	-11244.0	-1902.1632	2.1504343	123878.0655859375	0.002633851058781147	197888	-0.025495958211743774
398000	792	37907.88158893585	-11566.35	-11541.0	393.9440616181573	-10840.0	-12535.0	-1846.917	2.2081563	146475.96359375	0.002768404260277748	198912	-0.0025565739620980743
400000	796	38087.0059158802	-11551.75	-11526.5	316.9980698928457	-10932.0	-12232.0	-1860.0203	2.21771	172915.5287890625	0.0027517444640398027	199936	-0.05297470718334574
402000	800	38267.35965681076	-12270.1	-12322.0	318.941654456373	-11571.0	-12807.0	-1899.8538	2.2470202	155625.790703125	-0.0019644348695874213	200960	0.07915384269036496
404000	804	38451.20817780495	-12661.75	-12663.0	388.40468247489116	-11676.0	-13506.0	-1997.6813	2.262332	163008.8008984375	0.002455026563256979	201984	0.025727805380511115
406000	808	38635.6286406517	-11916.95	-11954.0	285.2246529169226	-11287.0	-12440.0	-2011.9338	2.2426283	2882.0915344238283	0.0027514914982020855	202752	-0.35396178075993334
408000	812	38820.9491353035	-12271.15	-12209.5	387.78660368816253	-11679.0	-13276.0	-1945.8557	2.261481	2836.6059045410157	0.0015328355319797994	203776	-0.64560731548551
410000	816	39004.436516046524	-11579.4	-11668.0	296.62583200140597	-11011.0	-12048.0	-2066.9663	2.231838	3198.3877380371096	0.004438994415104389	204800	-0.6810285786384196
412000	820	39181.73892951012	-11922.2	-11915.5	358.25169041361204	-11193.0	-12575.0	-1961.6533	2.2360337	168583.84	-0.0017071502935141324	205824	-0.001653242855819137
414000	824	39351.92399144173	-12279.65	-12285.0	332.6710521631968	-11553.0	-13009.0	-1977.8767	2.2606378	167455.654921875	0.0016068438068032264	206848	0.03724736582234178
416000	828	39522.34766936302	-11527.45	-11637.0	363.7384073030623	-10731.0	-12003.0	-2011.2389	2.242768	176139.83046875	-0.005086599355563521	207872	0.044161125962403514
418000	832	39701.63499832153	-11957.45	-12061.0	310.1891570604858	-11149.0	-12389.0	-1941.692	2.2397935	157415.985859375	-0.002130123469978571	208896	-0.07913552439789373
420000	836	39876.77070713043	-11882.7	-11860.5	412.6803401640242	-11047.0	-12768.0	-1958.0952	2.2457793	160151.163828125	-0.0021954796835780143	209920	0.011635373440424535
422000	840	40058.80478644371	-12156.8	-12121.5	322.01562564244415	-11727.0	-12824.0	-1970.3693	2.2439306	154496.3151171875	-0.0015168944373726845	210944	0.018352484155522375
424000	844	40236.918561935425	-11185.15	-11192.5	270.9916050360232	-10681.0	-11786.0	-1983.4634	2.1994536	175482.5321484375	-0.0018659843504428863	211968	0.04997602939218648
426000	848	40421.0137219429	-11461.25	-11494.5	355.107674552826	-10705.0	-12043.0	-1923.5447	2.2090058	168762.3596875	-0.006954396422952413	212992	0.009562308830921684
428000	852	40597.23108124733	-11073.95	-11096.0	357.24419998238267	-10480.0	-11697.0	-1890.814	2.195065	2605.627102050781	0.0028252086229622365	213760	-0.9681776521350371
430000	856	40779.64309859276	-10736.4	-10776.5	272.42041812339676	-10288.0	-11467.0	-1875.1116	2.1825087	2655.3393603515624	-0.0019248963706195354	214784	-0.5327289840080791
432000	860	40955.59984731674	-10903.55	-10943.5	364.387947544632	-10168.0	-11631.0	-1871.9218	2.177689	2757.447821044922	-0.0013690814189612865	215808	0.09219648292362992
434000	864	41133.755647182465	-11512.4	-11521.0	328.0948835803127	-10979.0	-12111.0	-1849.164	2.2117534	3891.808505859375	0.0012488871812820434	216832	0.015394606442148517
436000	868	41317.98560786247	-11080.1	-11047.5	436.0212331864971	-10517.0	-12082.0	-1909.9548	2.219227	3992.7294262695314	-0.009110766369849444	217856	-1.0115642191218388
438000	872	41497.93833756447	-11251.85	-11278.0	373.6045298665985	-10603.0	-12048.0	-1923.3597	2.169554	138375.3534375	0.0027423510514199734	218880	0.0041123121027671905
440000	876	41666.41920423508	-11899.45	-11865.0	365.84400975509254	-11151.0	-12606.0	-1915.6782	2.2290363	161806.9175	0.005855955109000206	219904	-0.03201597793295474
442000	880	41844.69563150406	-11680.3	-11669.0	284.78839790087545	-11028.0	-12236.0	-1899.5905	2.215343	144803.23015625	-7.709397934377193e-05	220928	-0.01358563409062219
444000	884	42027.210582494736	-11857.65	-11821.0	333.9028025922325	-11379.0	-12536.0	-1920.5272	2.2337344	172238.821796875	0.004022877551615238	221952	0.02974194163148347
446000	888	42209.16250348091	-11672.65	-11620.5	342.54454570095504	-11047.0	-12313.0	-1939.9015	2.222866	158148.1953125	0.0038163101952522994	222976	-0.036130392733557004
448000	892	42396.06440734863	-11552.15	-11573.0	350.9018868722799	-10943.0	-12400.0	-1925.7407	2.2202492	172604.8551953125	0.0009417315758764743	224000	0.0063375918605355075
450000	896	42576.738503694534	-10924.4	-10944.5	243.70828118016317	-10316.0	-11342.0	-1884.465	2.2062242	2338.824934082031	-0.0007395516335964203	224768	-0.38523846786311244
452000	900	42751.35527944565	-10747.7	-10761.5	389.94589368270056	-9890.0	-11678.0	-1847.2047	2.180899	2801.353846435547	0.0018882828950881959	225792	-1.2355579473265546
454000	904	42930.071429014206	-10395.35	-10410.5	272.67452643842813	-9738.0	-10929.0	-1855.0559	2.1478941	2811.3934936523438	0.00204346539452672	226816	-0.6354534051854002
456000	908	43106.21386671066	-10252.5	-10291.5	321.5600950628702	-9703.0	-10898.0	-1785.2885	2.1474223	2969.2729235839843	-0.0034826436266303063	227840	-0.6655450875786078
458000	912	43290.76542162895	-10970.3	-10930.5	375.0143997235306	-10291.0	-11819.0	-1771.9558	2.1698403	2699.6489807128905	-0.002066111620515585	228864	-0.5297905412393062
460000	916	43479.19271683693	-10972.65	-10941.0	278.4580238611048	-10517.0	-11441.0	-1816.5145	2.1950905	2421.326219482422	-0.0008585671614855528	229888	-0.28494540547182545
462000	920	43666.73617744446	-11754.7	-11834.0	300.21800850645013	-11167.0	-12290.0	-1880.3569	2.2298398	2550.4906506347656	0.001224124412983656	230912	-0.46118048767106234
464000	924	43845.56392645836	-11376.9	-11400.5	398.72492826640854	-10776.0	-12227.0	-2008.7185	2.2197757	196084.0931640625	0.002419799417257309	231936	-0.030493631890372352
466000	928	44031.177550554276	-11357.65	-11370.0	288.6159850772394	-10852.0	-11941.0	-1940.875	2.193313	153992.09890625	-0.0046287961304187775	232960	0.024021374066583334
468000	932	44215.2425596714	-11856.2	-11840.5	320.5016791153979	-10954.0	-12334.0	-1874.6017	2.2039165	148946.49609375	0.0020384649746119977	233984	-0.002400465434804877
470000	936	44390.36465382576	-11395.2	-11348.5	320.5995370519033	-10654.0	-12152.0	-1948.5323	2.2255323	3248.1271337890626	0.0025289400666952135	234752	-0.7486185908886589
472000	940	44576.57182979584	-11921.0	-11938.5	365.76567131947945	-11263.0	-12720.0	-1957.7009	2.2346656	2272.775712890625	-0.003716862667351961	235776	-0.3719832068047577
474000	944	44761.052275657654	-11873.6	-11859.0	370.1680130626319	-11284.0	-12765.0	-1949.9814	2.253322	2229.297624511719	0.0034903946239501237	236800	-0.6034481588650384
476000	948	44943.98611545563	-11344.8	-11349.0	333.1818848933006	-10765.0	-11930.0	-1958.307	2.2274945	1921.655888671875	-0.0034556375350803135	237824	-0.13212114832508703
478000	952	45125.06766581535	-11835.95	-11874.0	340.18083039527824	-11249.0	-12633.0	-1884.3906	2.2348576	3634.5651843261717	0.002367856875061989	238848	-0.507484154448806
480000	956	45305.121215581894	-12146.25	-12100.5	337.5958148593171	-11183.0	-12736.0	-1942.8965	2.2573369	3474.1099682617187	0.001646976824849844	239872	-0.3322417423596047
482000	960	45490.34531402588	-10933.5	-10907.5	208.97481590902413	-10604.0	-11430.0	-1919.565	2.1987739	2166.559923095703	-0.0042329119145870205	240896	-0.6774599173648403
484000	964	45687.03520941734	-10827.2	-10820.5	272.670342702454	-10178.0	-11204.0	-1885.579	2.168704	2910.917233886719	0.0016110803000628949	241920	-0.33756419667488013
486000	968	45889.42163896561	-11134.8	-11187.5	400.20634151581567	-10293.0	-11851.0	-1867.2512	2.2121797	2901.9726721191405	-0.0003136442601680756	242944	-0.40843091356165684
488000	972	46090.66890001297	-10977.4	-10973.5	345.94133971862306	-10041.0	-11643.0	-1923.8865	2.2039511	3049.339141845703	0.006142999716103077	243968	-0.6604302725307827
490000	976	46292.29412508011	-11252.75	-11185.0	262.16585248755473	-10826.0	-11786.0	-1983.8538	2.1845539	148068.3494140625	0.0009990329667925834	244992	-0.004185335677608926
492000	980	46491.826107501984	-11679.95	-11620.5	261.8391380419022	-11310.0	-12400.0	-1863.7545	2.2389057	3760.209416503906	0.0009310022741556167	245760	-0.3888637838404425
494000	984	46694.685906648636	-11126.4	-11122.0	309.4756856362063	-10514.0	-11741.0	-1880.3547	2.2063646	3072.114881591797	0.002599424170330167	246784	-0.22374996555808013
496000	988	46892.94675660133	-11334.95	-11291.0	236.43191408944773	-10857.0	-11810.0	-1850.1476	2.2217307	2114.42298828125	0.006965977810323238	247808	-0.2636232341754017
498000	992	47089.49117422104	-10460.0	-10482.0	343.31311471722444	-9778.0	-11254.0	-1852.0164	2.1689327	3039.4769458007813	-0.0020692734234035014	248832	0.13674285917362106
500000	996	47288.61846423149	-10614.65	-10610.0	247.93001453084125	-10281.0	-11143.0	-1792.0315	2.1723328	1972.0426135253906	-0.004659366570413112	249856	-0.43273246474281946
502000	1000	47486.42993879318	-10929.9	-10876.0	355.7855504299421	-10352.0	-11499.0	-1817.6412	2.1972232	2847.867979736328	-0.0008302832022309304	250880	0.09480331683755516
504000	1000	47686.20799922943	-10742.4	-10751.0	387.49592867131145	-10202.0	-11492.0	-1823.651	2.1732647	2609.4180541992187	0.0003693191520869732	251904	0.024203691780299685
506000	1004	47889.82607293129	-10748.45	-10755.0	352.8422153702253	-10021.0	-11322.0	-1780.4392	2.1689122	2887.0662194824217	-0.0016859307885169982	252928	-0.28623362239773154
508000	1008	48086.26892232895	-10501.1	-10565.0	329.18478253502485	-9768.0	-11178.0	-1799.319	2.1577027	3089.925275878906	-0.0007652227021753788	253952	-0.1223563195323889
510000	1012	48290.24152851105	-11459.1	-11460.0	278.5609448576738	-11051.0	-12169.0	-1812.8173	2.2120762	2797.4397485351565	-0.0014375784620642663	254976	-0.24337659776735054
512000	1016	48483.291241407394	-11385.7	-11333.5	288.94583356892707	-10831.0	-11943.0	-1891.4062	2.2392852	2216.575093994141	0.00286821860820055	256000	-0.5039496942866026
514000	1020	48662.85347175598	-11659.8	-11645.5	286.10756166537305	-11165.0	-12138.0	-1973.5933	2.2337408	3030.3753210449217	0.006598129644989967	256768	0.13148807096560555
516000	1024	48843.82008719444	-12222.7	-12240.0	237.3101679015749	-11680.0	-12667.0	-1994.0232	2.2623212	2541.501784667969	0.00039421267807483674	257792	-0.7215434580558755
518000	1028	49027.18370938301	-11949.8	-11957.0	328.4897819447437	-11390.0	-12808.0	-2003.9692	2.257438	2559.65712890625	0.0023465248011052607	258816	-0.1535548065978627
520000	1032	49203.609674692154	-12193.45	-12211.5	361.66129472928554	-11706.0	-12787.0	-1938.8757	2.265627	2471.718895263672	-0.0015790442563593389	259840	-1.116464737873299
522000	1036	49383.1128487587	-11468.15	-11398.0	409.3524121932361	-10885.0	-12549.0	-1987.7692	2.2350283	2412.7151342773436	0.003878345936536789	260864	-0.7585831268173677
524000	1040	49566.32221150398	-11099.95	-11090.0	321.67120758543757	-10514.0	-11816.0	-1879.8636	2.207081	2286.29865234375	0.0016102892998605966	261888	0.09670817242837981
526000	1044	49750.553233623505	-11242.25	-11257.0	302.5364484348604	-10730.0	-11831.0	-1846.8218	2.2236638	1884.1267138671874	-0.001760125607252121	262912	-0.519574600143262
528000	1048	49929.59519147873	-11312.45	-11254.0	343.48224117121396	-10556.0	-11809.0	-1816.366	2.2013574	2323.3201538085937	0.004933780645951629	263936	-0.8694640776235092
530000	1052	50109.88060307503	-11463.7	-11422.0	336.9162163537179	-10768.0	-12244.0	-1830.1102	2.2037926	2220.261984863281	0.002688709907233715	264960	-0.45263851984528136
532000	1056	50290.4261598587	-11587.35	-11591.0	290.36352442376347	-11147.0	-12249.0	-1827.0662	2.2112408	3698.8037548828124	0.0033596423268318176	265984	-0.19230648471292122
534000	1060	50470.88217997551	-11359.45	-11370.0	377.0644891094472	-10670.0	-12214.0	-1861.4816	2.2246435	3169.950762939453	0.002744425293058157	266752	-0.5858605847218081
536000	1064	50652.12666964531	-11326.45	-11225.5	421.4182164523678	-10609.0	-12104.0	-1887.0267	2.2094634	3930.598896484375	0.003067044448107481	267776	-0.8254813294287031
538000	1068	50834.49576473236	-11525.85	-11552.0	298.2468555443716	-11018.0	-12097.0	-1959.2206	2.2405605	2729.5622888183593	-0.0010426819697022438	268800	0.042056992172352814
540000	1072	51019.1224501133	-11018.95	-11060.5	288.247787228463	-10398.0	-11598.0	-1996.4637	2.1908565	2906.0265344238283	0.004338916838169098	269824	-1.3420326291019693
542000	1076	51204.10767674446	-11547.35	-11446.5	380.6787947034115	-11029.0	-12170.0	-1980.053	2.2210994	2864.7843994140626	0.0012871642410755158	270848	-0.2981440752237623
544000	1080	51384.88971042633	-11494.25	-11514.5	323.11296297441436	-10906.0	-12064.0	-1912.2931	2.229082	4750.463271484375	-0.006095342412590981	271872	-0.6751666119074053
546000	1084	51567.7037024498	-11048.6	-11036.5	295.16675037394674	-10494.0	-11661.0	-1953.5702	2.1991735	2621.7595977783203	0.001987039800733328	272896	-0.415945138239741
548000	1088	51744.053223609924	-11835.8	-11845.5	314.14807102116	-11245.0	-12439.0	-1931.0872	2.2294438	2637.1730615234374	0.001329710017889738	273920	-0.8488342007923348
550000	1092	51919.952811956406	-11768.35	-11830.5	312.6584272097318	-11042.0	-12269.0	-1899.6875	2.2490618	1819.4955432128907	-0.0016588751040399075	274944	-0.14295708187594358
552000	1096	52103.30846643448	-11610.3	-11551.5	437.54122813260636	-10931.0	-12445.0	-1919.2245	2.239545	2135.7745556640625	-0.002822295073419809	275968	-0.6825465747700921
554000	1100	52285.26854419708	-12280.0	-12255.0	308.85288611757846	-11725.0	-12934.0	-1941.1296	2.246015	3135.2180895996094	-0.002891491875052452	276992	-0.4593238337967458
556000	1104	52464.558905124664	-11628.4	-11663.0	270.09966971276987	-11095.0	-12087.0	-1974.0444	2.230519	3490.7545166015625	0.0001633426174521446	277760	-0.1395837293360911
558000	1108	52649.954209804535	-11480.35	-11469.5	241.44614197307897	-10909.0	-11937.0	-1917.0222	2.227866	3179.384207763672	-0.001328022163361311	278784	-0.6360467932905416
560000	1112	52834.31475543976	-11428.85	-11454.0	333.9053245898808	-10723.0	-11956.0	-1862.9988	2.2166085	3986.0778845214845	1.1397898197174072e-06	279808	0.0875201278941875
562000	1116	53026.39606618881	-11616.75	-11597.0	362.34802621963206	-10916.0	-12407.0	-1876.9995	2.243937	4626.8220703125	0.0008836963586509228	280832	-0.056198870504217346
564000	1120	53211.09724020958	-11981.55	-11944.0	449.0200411656712	-10874.0	-13134.0	-1916.1512	2.247028	2556.9385205078124	0.0006283777393400669	281856	-0.8704861943220552
566000	1124	53393.75485992432	-11971.85	-12005.5	370.5426000084911	-11324.0	-12617.0	-2044.3888	2.2505324	2496.338221435547	-0.002023535957559943	282880	-0.04508255794573923
568000	1128	53577.09950828552	-11716.7	-11733.0	300.2458816931287	-10881.0	-12221.0	-1962.1356	2.2394226	2686.6928759765624	0.004693761486560106	283904	-0.5084114884328881
570000	1132	53761.24418735504	-12029.6	-12071.0	370.87256997234874	-11122.0	-12544.0	-1897.8809	2.2559047	4171.820046386719	0.002275439575314522	284928	-0.2332501190868237
572000	1136	53949.37039732933	-11492.9	-11395.0	349.7304074494193	-10995.0	-12087.0	-1920.0278	2.257552	3189.270129394531	0.0007510434277355671	285952	-0.7965687049065115
574000	1140	54136.40870499611	-11498.1	-11473.0	387.9652588895856	-11042.0	-12525.0	-1897.6348	2.2507768	2890.547354736328	0.005460806526243687	286976	-0.4761888925738831
576000	1144	54327.43456721306	-11186.55	-11166.0	387.1677828865196	-10352.0	-11891.0	-1872.251	2.2168052	3539.557705078125	-0.003916439171880484	288000	-0.5875521275906164
578000	1148	54516.9203619957	-11523.3	-11463.5	376.13604761547316	-10844.0	-12468.0	-1864.112	2.2290034	4213.530854492187	-0.0028556606732308863	288768	-0.4070524117557561
580000	1152	54703.25870203972	-11973.15	-11951.5	266.09896754086776	-11313.0	-12478.0	-1876.4692	2.242832	5178.998701171875	-0.0008843921124935151	289792	-1.658359039625191
582000	1156	54896.529240608215	-11861.25	-11803.5	386.21208722124356	-11260.0	-12787.0	-1881.0331	2.2524285	3426.0268969726562	0.0024879617244005204	290816	-0.8435414832172203
584000	1160	55085.91492724419	-10973.35	-10966.5	340.57927046971633	-10040.0	-11538.0	-1864.871	2.2067473	4051.3969482421876	0.0006110150180757046	291840	-1.1533470140492375
586000	1164	55275.58638191223	-11331.65	-11391.0	334.44191927511275	-10632.0	-11936.0	-1804.3453	2.2072728	4051.51857421875	-0.0037570970505476	292864	-0.5649046403576208
588000	1168	55458.76521253586	-11287.95	-11316.5	290.7224168931775	-10533.0	-11782.0	-1821.2355	2.2101026	3179.1664685058595	0.0025019880291074514	293888	0.04742382783316201
590000	1172	55644.8121278286	-11658.0	-11631.5	353.0206494631276	-11025.0	-12344.0	-1855.1099	2.2430098	3077.364375	0.0002378079481422901	294912	-2.1945739985266064
592000	1176	55822.71927690506	-11420.1	-11342.5	419.2789424463711	-10780.0	-12241.0	-2009.0249	2.2205086	2699.816970214844	-0.0021794169023633004	295936	0.06750142020663141
594000	1180	55998.457211494446	-11681.05	-11675.5	291.26502220125013	-11227.0	-12303.0	-1926.5544	2.2301662	1835.4078057861327	-0.00146577519364655	296960	-0.40772342631617
596000	1184	56183.234704732895	-11186.75	-11214.5	344.06805859795884	-10543.0	-11886.0	-1871.2102	2.2250705	2774.5485095214844	0.002008421253412962	297984	-0.4953695938855107
598000	1188	56362.91576099396	-11733.85	-11734.0	339.5615245391745	-11105.0	-12594.0	-1816.0355	2.2350898	4592.4622802734375	0.0018238718062639236	298752	-0.37802964162981545
600000	1192	56553.366351127625	-11850.55	-11865.5	327.9102051348493	-11142.0	-12416.0	-1806.1833	2.2384484	3117.258857421875	-0.002129653766751289	299776	0.05308200504957483
602000	1196	56742.762382268906	-11525.6	-11505.5	381.25173338691366	-10772.0	-12280.0	-1819.4568	2.2477129	3721.885270996094	-0.00013811016455292702	300800	-0.03362222007699911
604000	1200	56930.21554851532	-11325.5	-11330.5	270.54049215364574	-10864.0	-11848.0	-1771.8755	2.1950183	3356.3803247070314	-0.0002981016598641872	301824	-0.8485817224016685
606000	1204	57119.291754722595	-11469.15	-11460.5	373.3016664984585	-10896.0	-12046.0	-1768.9084	2.2094445	2238.4555395507814	0.0071931184642016885	302848	-0.43466883219109675
608000	1208	57309.882803201675	-11476.7	-11519.0	299.3617948411693	-10737.0	-12061.0	-1806.8647	2.2200463	3186.1838049316407	0.004367092624306679	303872	-0.3282405809382023
610000	1212	57505.9489607811	-10924.4	-10930.5	275.9174933886845	-10446.0	-11377.0	-1815.0363	2.2118924	3016.410966796875	-0.002500535547733307	304896	-0.732723013303362
612000	1216	57705.49740028381	-10790.6	-10760.0	349.17231457141315	-10360.0	-11567.0	-1741.1322	2.1602573	2849.5001220703125	0.00023427284322679042	305920	-0.29670048742678246
614000	1220	57904.76208782196	-10041.75	-10055.5	315.8805362124972	-9456.0	-10557.0	-1727.1522	2.1313584	2766.5881396484374	-0.0027928169816732406	306944	-1.0603357227702803
616000	1224	58099.80745959282	-10821.9	-10743.5	328.3084076387868	-10320.0	-11483.0	-1762.8231	2.1647246	4150.140380859375	-0.00031632492318749427	307968	-0.7316080285712323
618000	1228	58299.987667798996	-10997.55	-10978.0	368.07786290117303	-10246.0	-11826.0	-1906.0481	2.202846	2512.67845703125	-0.0020435159280896187	308992	-0.23587124090508893
620000	1232	58494.19117641449	-11261.4	-11316.0	437.03672012411283	-9995.0	-11927.0	-1863.0754	2.216449	3139.7099462890624	0.002363966964185238	309760	-0.8012382739367265
622000	1236	58697.22292637825	-10651.2	-10674.0	256.17789871390875	-9885.0	-11049.0	-1808.3566	2.182347	3334.33259765625	-0.0005641476437449456	310784	-0.4653807203021578
624000	1240	58898.39126133919	-10975.15	-10853.0	291.68878061530256	-10530.0	-11671.0	-1768.7155	2.1953971	3958.931064453125	0.003890398144721985	311808	0.06395251731446261
626000	1244	59101.69649720192	-10742.5	-10723.5	215.73265619133423	-10407.0	-11250.0	-1750.9878	2.1670597	2641.060799560547	0.001360006369650364	312832	-0.6396651599299854
628000	1248	59303.14423966408	-10639.55	-10716.5	341.0617284767949	-10044.0	-11117.0	-1734.6567	2.162675	3305.1959814453126	0.0012911818851716816	313856	-0.39697639764098325
630000	1252	59506.31333255768	-11299.6	-11341.5	342.47541594443794	-10652.0	-11768.0	-1672.9512	2.1969302	4200.647292480468	-0.0014998865127563476	314880	-0.9559663732289851
632000	1256	59708.78100633621	-11389.2	-11437.5	257.62265346616425	-10814.0	-11777.0	-1726.8235	2.2216563	3006.6409814453127	0.0038377446681261062	315904	-0.19316739321971554
634000	1260	59907.03918337822	-11734.1	-11765.5	369.2001168956877	-10811.0	-12430.0	-1753.7186	2.2427115	3452.158292236328	0.0009398028813302517	316928	-0.3638973948601769
636000	1264	60105.38435912132	-11321.15	-11268.0	339.66334338886975	-10640.0	-12076.0	-1785.8462	2.2209895	2673.784755859375	-0.00027530761435627936	317952	-0.6321752199014248
638000	1268	60297.47951626778	-11085.65	-11146.0	248.24887236718507	-10459.0	-11452.0	-1780.8295	2.2087286	3097.490936279297	-0.0003711451031267643	318976	-0.1857178021142587
640000	1272	60480.17344689369	-11077.6	-10966.0	267.638876886473	-10759.0	-11629.0	-1816.5231	2.204314	2940.222518310547	0.004387800437398255	320000	-0.11066573768785526
642000	1276	60676.41494035721	-11144.8	-11095.5	335.6827449589238	-10530.0	-11793.0	-1882.4106	2.1821704	2704.193927001953	0.0018861096166074276	320768	-0.4999338054175708
644000	1280	60866.62253856659	-11606.55	-11578.0	370.86449149606057	-10997.0	-12561.0	-1796.3573	2.217413	3100.283583984375	-0.001393637377768755	321792	-0.8432114204928405
646000	1284	61054.897914648056	-10689.05	-10702.0	339.61781538416943	-10013.0	-11417.0	-1791.614	2.1936536	3543.9085595703127	-0.0010766945965588093	322816	-0.19678123049395646
648000	1288	61246.41612291336	-10597.4	-10576.0	264.4082568979068	-10220.0	-11200.0	-1733.225	2.1521926	2805.997145996094	0.0007406088802963495	323840	-0.3890543319280446
650000	1292	61435.454704761505	-10866.1	-10843.5	447.7720167086912	-9950.0	-11811.0	-1694.9966	2.1839507	3035.9067224121095	0.0012384679354727269	324864	-0.33366863223714294
652000	1296	61621.678418159485	-11460.4	-11393.0	247.68473169694872	-10927.0	-11906.0	-1704.2078	2.2126167	2196.4564294433594	0.004175097271800041	325888	-0.4552909124928739
654000	1300	61809.1167447567	-11285.05	-11356.0	347.5459038215785	-10578.0	-11743.0	-1757.565	2.2198496	2339.8500329589842	0.0004151678830385208	326912	-0.517907443794213
656000	1304	61996.933365345	-11522.15	-11507.0	319.9414872490873	-10569.0	-11976.0	-1716.073	2.2163022	3119.98751953125	-0.003858701474964619	327936	-0.6120723738085951
658000	1308	62188.66299009323	-11343.25	-11315.0	375.4697934447905	-10729.0	-11911.0	-1692.7992	2.204757	3303.372451171875	-0.00265782936476171	328960	-1.5681221386990036
660000	1312	62380.32488322258	-10715.8	-10701.5	253.41386993154936	-10175.0	-11189.0	-1701.8683	2.192642	4628.1175610351565	0.0011866409331560135	329984	-0.5729107951419734
662000	1316	62568.339346170425	-10911.2	-10905.5	279.1154448950244	-10312.0	-11533.0	-1688.5072	2.1793437	3985.6043872070313	0.0019148923829197884	330752	-0.8241408363426563
664000	1320	62759.90770530701	-11169.5	-11148.5	327.3728760908576	-10581.0	-11718.0	-1720.2719	2.178151	5223.900419921875	-0.0022606232017278673	331776	-0.5893616360107232
666000	1324	62952.55629515648	-10749.5	-10839.5	305.7275188619331	-10270.0	-11163.0	-1783.5758	2.1826153	4610.187292480468	0.005442475639283657	332800	-0.7775996840494213
668000	1328	63140.39939928055	-11688.35	-11789.5	367.6013680462488	-10962.0	-12569.0	-1878.1982	2.2270641	4457.320773925781	-0.0005405947938561439	333824	-0.7676227989308653
670000	1332	63328.433403253555	-11867.55	-11888.5	267.9388137145062	-11354.0	-12258.0	-1822.0563	2.231374	2541.9307495117187	-0.001235486064106226	334848	-0.31105125325068417
672000	1336	63515.82755732536	-11356.9	-11287.5	292.5069319916331	-10936.0	-11838.0	-1820.293	2.2228673	2330.3622216796875	0.0008799300994724035	335872	-0.4186924236845626
674000	1340	63703.71461081505	-10933.3	-10950.0	295.03489534915053	-10246.0	-11388.0	-1801.414	2.2079432	2156.3033752441406	0.0007794014178216458	336896	-0.24589184219267834
676000	1344	63894.07083964348	-11586.3	-11603.5	370.92900441430766	-10692.0	-12369.0	-1794.615	2.2278104	2400.553194580078	-0.0012128884345293045	337920	-0.5050262078331882
678000	1348	64080.613604307175	-11028.5	-11033.0	348.0578445573303	-10233.0	-11610.0	-1778.2438	2.218982	3162.0172680664064	-0.003559809345752001	338944	0.10117381387510105
680000	1352	64270.835025548935	-10863.2	-10871.5	240.38972742742476	-10511.0	-11257.0	-1735.619	2.174096	2735.0200537109376	-0.0015455848630517722	339968	-1.3898272268667586
682000	1356	64456.9977786541	-10925.7	-10898.5	352.88198414886824	-9892.0	-11367.0	-1696.4993	2.1945097	3622.6778125	-0.004193178890272975	340992	-1.0265426264871702
684000	1360	64641.22609043121	-10958.7	-11022.0	274.0253733929723	-10231.0	-11578.0	-1681.5084	2.1703463	3596.4599145507814	-0.002014070712029934	341760	-1.0910365000414353
686000	1364	64829.85612869263	-11090.95	-11122.0	249.1713582847629	-10523.0	-11505.0	-1689.2848	2.1852925	4024.6540942382812	0.0019992257468402384	342784	-1.1426823718656816
688000	1368	65014.055423259735	-10686.7	-10619.0	256.29035754085845	-10297.0	-11068.0	-1707.304	2.1387992	3643.5022387695312	-0.0007485637441277504	343808	-0.25178317133281025
690000	1372	65203.2793302536	-11215.55	-11278.5	398.37795793495036	-10525.0	-11971.0	-1755.3469	2.2039766	5972.089577636719	0.0006992040202021599	344832	-0.530561918212666
692000	1376	65391.02376103401	-11584.2	-11661.5	244.00811030524548	-10930.0	-11960.0	-1854.2168	2.2280567	4220.216003417969	-0.0033727815188467503	345856	-2.008322999381345
694000	1380	65580.53811073303	-11360.05	-11398.0	337.5737697155986	-10688.0	-12083.0	-1953.2268	2.2264163	2578.716163330078	0.006664255987852812	346880	-0.7288305611754218
696000	1384	65769.78293156624	-10852.0	-10853.0	261.4065194692983	-10334.0	-11286.0	-1858.7998	2.194231	2353.8706188964843	0.003524278774857521	347904	-0.665866104413851
698000	1388	65960.0656952858	-10621.75	-10631.5	287.2735492614368	-10133.0	-11139.0	-1784.0613	2.1465898	3164.1472204589845	0.003108661770820618	348928	-0.5939968189765981
700000	1392	66150.97440719604	-10626.2	-10622.5	273.3901395827081	-10167.0	-11087.0	-1731.8716	2.1787581	2315.877255859375	-0.0020156168565154077	349952	-1.2249896842177885
702000	1396	66341.8086180687	-9981.6	-9953.5	293.4813542001568	-9478.0	-10540.0	-1659.8945	2.1134965	2890.8936511230468	0.0028131804801523686	350976	-0.30894870015028864
704000	1400	66533.20241880417	-9976.2	-9923.5	318.4459964131736	-9593.0	-10774.0	-1622.6385	2.1274986	4339.277099609375	0.0063992809411138295	352000	-0.0995728232280435
706000	1404	66720.05573511124	-10621.65	-10710.5	239.9127637507565	-10033.0	-10919.0	-1592.142	2.1715245	2504.8955493164062	-0.00027729962021112443	352768	-0.3790092886721752
708000	1408	66911.49557709694	-10623.9	-10676.5	285.5109731507244	-9972.0	-11144.0	-1583.563	2.1582754	3282.845341796875	-0.003835817836225033	353792	-0.20396901448800264
710000	1412	67098.93885970116	-10680.75	-10745.0	266.20705732271836	-9982.0	-10989.0	-1610.568	2.1425664	3890.967841796875	0.004540585242211819	354816	-1.1456780232527413
712000	1416	67284.30540180206	-10967.35	-10927.0	273.4176052160966	-10653.0	-11597.0	-1656.658	2.1941664	3804.112196044922	-0.0038646757416427135	355840	0.1212604186443873
714000	1420	67471.59937763214	-10707.1	-10671.5	235.64042634131306	-10426.0	-11267.0	-1697.1963	2.1731408	3776.7155249023435	0.005282484125345945	356864	-2.537248935175304
716000	1424	67663.22384667397	-10577.8	-10580.5	367.9227035526263	-9741.0	-11141.0	-1741.8818	2.1527746	2239.749696044922	-5.18865417689085e-05	357888	-0.3669355486747645
718000	1428	67852.3494708538	-10492.75	-10501.0	452.25201113864307	-9865.0	-11238.0	-1790.2739	2.1544082	3492.397177734375	0.0017926498875021934	358912	-0.6588134179973777
720000	1432	68039.82506036758	-10832.1	-10815.5	276.6631811236791	-10404.0	-11478.0	-1864.7928	2.122005	2356.332119140625	0.0037383386678993703	359936	-0.7285403175646317
722000	1436	68229.28393507004	-10416.45	-10350.5	363.58644451021405	-9976.0	-11237.0	-1715.9584	2.171048	2220.0702337646485	0.0043182500079274174	360960	-1.4162685892535927
724000	1440	68416.09409713745	-10512.95	-10482.0	314.5001840849599	-9901.0	-11078.0	-1674.8927	2.159286	2940.6924658203125	-0.005689195431768894	361984	0.08484375793596399
726000	1444	68598.51643013954	-10882.95	-10881.0	329.22804046979195	-10095.0	-11429.0	-1607.073	2.1631792	4935.784118652344	-8.013265207409859e-05	362752	-0.5342970657109412
728000	1448	68783.90641283989	-10874.35	-10883.5	285.0276579377406	-10235.0	-11374.0	-1635.418	2.1775475	2200.7019274902345	0.0027635709755122664	363776	-0.6314916660222194
730000	1452	68973.55130887032	-10816.05	-10845.5	283.3848926255969	-10214.0	-11254.0	-1641.0828	2.14344	2228.1116918945313	0.0023998541198670866	364800	-0.25874430774955703
732000	1456	69156.95601701736	-10918.8	-10905.0	330.72593201208633	-10222.0	-11615.0	-1696.3755	2.203858	3020.5118969726564	-0.0009076073579490185	365824	-0.2059053720714732
734000	1460	69343.84237623215	-11036.4	-11031.0	231.89843511875262	-10505.0	-11402.0	-1731.6825	2.1795228	5025.701755371094	0.0003730231523513794	366848	-0.7695089428757373
736000	1464	69536.49912691116	-10808.55	-10836.5	348.4849124575214	-10145.0	-11449.0	-1709.4854	2.1838143	3153.7655334472656	-0.0010530630871653556	367872	-0.21507084577087476
738000	1468	69736.83791470528	-10592.65	-10571.0	346.3606691844424	-9931.0	-11186.0	-1706.846	2.1630921	3761.995681152344	-0.0007042775861918927	368896	-0.9478822975468579
740000	1472	69938.73456335068	-10784.45	-10781.5	377.63857338103475	-10145.0	-11549.0	-1750.1726	2.1769307	3580.9983740234375	0.0011538113839924336	369920	-0.8766648057834279
742000	1476	70141.93458724022	-10735.15	-10800.5	354.3451001495576	-9834.0	-11276.0	-1764.771	2.1374478	2912.088623046875	-0.00027453291229903695	370944	-0.4376294253048816
744000	1480	70344.42341995239	-11132.4	-11084.5	326.59203587157	-10704.0	-11773.0	-1777.6395	2.187146	3847.64837890625	8.901670575141907e-05	371968	-0.4195252585927034
746000	1484	70544.43565058708	-11235.05	-11264.5	308.6073088127233	-10677.0	-11750.0	-1932.278	2.194586	2534.876573486328	-0.0012322393618524074	372992	-0.5386219503696354
748000	1488	70741.48155426979	-11730.65	-11750.5	275.9226197781964	-11282.0	-12201.0	-1800.8959	2.2176318	5236.736801757813	0.004449410224333405	373760	-1.229462337059004
750000	1492	70942.23010540009	-10848.45	-10846.0	232.3555521858235	-10419.0	-11201.0	-1787.8594	2.194569	2380.918145751953	-0.004898307099938393	374784	-1.1042522344447052
752000	1496	71149.45953893661	-10796.6	-10792.5	306.2911239843214	-10330.0	-11644.0	-1734.6102	2.1743546	2855.246253662109	0.00019310854375362396	375808	-1.674566103513031
754000	1500	71354.25091028214	-11021.0	-11072.0	367.2618454970442	-10405.0	-11661.0	-1721.1504	2.1873097	2480.7287432861326	0.0018950139731168747	376832	-0.6002399893827346
756000	1504	71558.8732483387	-10851.8	-10911.0	252.94072532179507	-10227.0	-11278.0	-1692.7273	2.1676402	3881.851809082031	0.003162821512669325	377856	-0.36562820310687716
758000	1508	71766.2897362709	-10619.1	-10589.0	375.749342542409	-10108.0	-11432.0	-1686.6285	2.1525922	6708.784897460938	0.0025352827087044717	378880	-0.1422039870271583
760000	1512	71970.64218306541	-11529.9	-11440.0	385.201505708376	-11035.0	-12405.0	-1698.5283	2.198934	4593.072375488281	-0.0015788334794342518	379904	-0.3511447821374567
762000	1516	72172.88483333588	-10703.2	-10677.5	241.30230003048044	-10299.0	-11136.0	-1705.5778	2.1848376	8497.672722167968	-0.00046787096187472343	380928	-1.4338480346541864
764000	1520	72374.68422794342	-10055.35	-10077.5	268.0687804512707	-9688.0	-10529.0	-1713.3499	2.1562555	4727.909118652344	-0.0014148062095046044	381952	-0.5506952043332989
766000	1524	72574.96269750595	-10673.95	-10724.0	367.57404910976425	-9694.0	-11153.0	-1700.7346	2.132627	5302.115070800781	-2.7794819325208663e-05	382976	-0.9311532896707597
768000	1528	72775.37139749527	-11436.0	-11444.5	361.5209100744418	-10791.0	-12397.0	-1760.037	2.2235634	3734.7558203125	0.001349643301218748	384000	-0.1051963304617014
770000	1532	72973.1028456688	-10888.5	-10812.0	229.13510149438497	-10593.0	-11300.0	-1863.577	2.1739151	149751.00170898438	0.0003120831027626991	384768	0.019006360345002915
772000	1536	73172.39589905739	-11248.35	-11205.0	218.0389330275432	-10845.0	-11616.0	-1738.8533	2.2071433	4528.148349609375	-0.0023403980024158957	385792	0.06780082836368095
774000	1540	73374.89762711525	-10780.7	-10752.5	248.132625827399	-10312.0	-11351.0	-1713.9967	2.1834807	2472.621456298828	0.0013855885993689298	386816	-0.8935899948691546
776000	1544	73577.9431886673	-10401.35	-10422.0	374.7641047519444	-9338.0	-11224.0	-1682.6157	2.1294956	3550.684216308594	0.0014343996392562986	387840	-0.6406340085762128
778000	1548	73782.07018780708	-10819.2	-10866.5	293.2659292573174	-10314.0	-11544.0	-1680.2863	2.1463358	2358.2430871582033	0.002146371155977249	388864	-0.22747007581478274
780000	1552	73984.00595593452	-10027.6	-10083.0	347.1560243797562	-9407.0	-10792.0	-1675.3748	2.1444125	2694.1104125976562	-0.0013591669779270887	389888	-0.09835259961781384
782000	1556	74186.18831968307	-10692.55	-10679.5	390.37046844193907	-9885.0	-11319.0	-1649.5929	2.1262221	3163.364217529297	0.005188079327344894	390912	-0.23182367547817595
784000	1560	74390.42186355591	-10713.9	-10602.0	338.125622871301	-10059.0	-11447.0	-1662.3113	2.1537173	3380.585056152344	0.002542129661887884	391936	-0.34380195333169694
786000	1564	74595.67864251137	-10666.65	-10682.5	257.844766641114	-10213.0	-11259.0	-1675.9365	2.1356514	3042.238720703125	0.00487777354195714	392960	-0.9719986379049455
788000	1568	74797.75512981415	-10941.2	-10936.0	254.75118924364736	-10447.0	-11332.0	-1702.6193	2.1869428	2286.179069824219	0.001562437079846859	393984	-0.7018268353347952
790000	1572	74998.07089400291	-11770.7	-11720.0	325.26395758716205	-10915.0	-12477.0	-1764.4695	2.2214332	167998.0216015625	-0.003453829400241375	394752	-0.003076540779314074
792000	1576	75201.33418083191	-12422.05	-12390.5	396.62211566121596	-11645.0	-13102.0	-1855.0635	2.2539823	139169.2259375	0.0006791424844413995	395776	0.011817135091834241
794000	1580	75403.79515552521	-12073.25	-12090.5	280.8053971216215	-11460.0	-12470.0	-1909.1213	2.254647	178740.678984375	0.0025513498298823834	396800	-0.012712215100320057
796000	1584	75605.3165192604	-11806.9	-11784.0	379.9492902452836	-11006.0	-12825.0	-1990.3793	2.2268753	158178.97897460937	-0.0024205316603183747	397824	0.0012193089352340314
798000	1588	75811.01683855057	-11582.4	-11598.0	399.49552398520126	-10844.0	-12222.0	-1848.6074	2.2243936	4491.305651855469	0.001971614230424166	398848	-0.6789952782115027
800000	1592	76012.11248850822	-11560.4	-11556.0	394.17607607180884	-10746.0	-12401.0	-1833.3055	2.2263482	4055.889453125	0.000294443229213357	399872	-0.8542578597937798
802000	1596	76210.51724123955	-11038.3	-10967.0	273.20998286453977	-10533.0	-11571.0	-1790.9072	2.2054834	2576.0414611816404	0.0013056464679539203	400896	-1.1862768259316394
804000	1600	76411.97811508179	-10980.1	-10978.0	324.3837720647372	-10374.0	-11744.0	-1737.8192	2.1922944	2641.618475341797	0.0010543345287442208	401920	-0.5682931962430984
806000	1604	76612.35145521164	-10800.8	-10833.5	322.59614641872355	-9929.0	-11200.0	-1724.8416	2.1700351	3125.223245849609	0.002999755050987005	402944	-0.6750144636730262
808000	1608	76813.80268836021	-10914.55	-10962.0	284.53165118544507	-10183.0	-11508.0	-1701.7758	2.1344268	4477.075471191406	0.0026891671679913996	403968	-1.3819901824934147
810000	1612	77013.8656437397	-11423.8	-11489.0	332.71270995923953	-10628.0	-11895.0	-1677.155	2.170603	3163.5137268066405	0.0021540015190839768	404992	-0.721434524411313
812000	1616	77211.49303746223	-11663.05	-11628.0	429.0709026183018	-10968.0	-12397.0	-1727.0543	2.2120435	157926.484609375	-0.004826102661900223	405760	0.009306891232145342
814000	1620	77414.55903697014	-10958.45	-10939.5	305.1376695336403	-10319.0	-11483.0	-1788.6243	2.1829033	156927.8773046875	-0.004243104420602321	406784	-0.0017961863317472737
816000	1624	77618.74017453194	-11071.45	-11078.5	267.5194975678359	-10534.0	-11612.0	-1767.0532	2.1794646	153157.6001171875	0.00029770588502287866	407808	0.08586635865153613
818000	1628	77823.50666499138	-11530.2	-11597.0	444.2174195025153	-10756.0	-12195.0	-1789.2617	2.2047157	158847.1554296875	-0.0004969884641468525	408832	0.025003416048358318
820000	1632	78027.47863292694	-11678.0	-11631.0	318.58304709249177	-11082.0	-12403.0	-1837.4397	2.2191877	145144.070703125	-0.0030059845745563506	409856	0.04421296985602008
822000	1636	78228.28121447563	-10572.6	-10603.5	267.5474183254841	-10096.0	-11018.0	-1907.974	2.1761656	118024.95218505859	-0.0020391835272312166	410880	-0.01789378442210432
824000	1640	78430.53743052483	-10962.8	-10849.5	357.9612740007088	-10470.0	-11753.0	-1801.7444	2.1728725	2576.0387438964844	0.002242751736193895	411904	-0.15279219339264571
826000	1644	78636.63541126251	-10737.05	-10769.0	264.7011174493742	-10244.0	-11314.0	-1761.738	2.1458247	2136.2706170654296	0.00023520002141594887	412928	-0.3009600237265846
828000	1648	78837.03169751167	-11076.35	-11104.5	254.8851702237696	-10602.0	-11579.0	-1711.5522	2.1584496	3396.22689453125	-0.002702450603246689	413952	0.12557207308099416
830000	1652	79029.13394451141	-10309.9	-10260.5	374.5111761384853	-9678.0	-11192.0	-1741.2402	2.1447484	2280.426785888672	-0.0006053827889263629	414976	-0.5304005385202681
832000	1656	79221.65487360954	-10155.25	-10132.0	246.02585978756485	-9702.0	-10627.0	-1649.586	2.0969741	2338.748623046875	-0.001489606760442257	416000	-1.3159273236105529
834000	1660	79419.59636497498	-10298.0	-10327.0	297.83057705947346	-9685.0	-10786.0	-1627.3843	2.1186798	137065.5894921875	0.0006621318962424993	416768	0.02489947219560462
836000	1664	79625.53541517258	-10773.15	-10861.5	311.8827841555728	-10142.0	-11309.0	-1665.071	2.1558433	159693.190859375	-0.004412228632718325	417792	0.023345951316367852
838000	1668	79828.39473724365	-10580.35	-10568.0	327.0036656804034	-10080.0	-11268.0	-1682.0876	2.139215	153175.5696484375	0.0018136180192232132	418816	0.00047805231630038136
840000	1672	80026.29358887672	-10553.65	-10478.5	408.70981534322704	-9807.0	-11223.0	-1719.3431	2.13029	148931.69390625	-0.002424595784395933	419840	-0.032847990094996504
842000	1676	80224.99358844757	-10742.6	-10779.0	304.6225274179937	-10138.0	-11376.0	-1751.3392	2.1439579	160599.143359375	0.0015413135290145874	420864	-0.05452379012748643
844000	1680	80429.37958478928	-10880.85	-10885.0	289.69444429024105	-10038.0	-11281.0	-1779.1785	2.1788335	179742.0962109375	-0.0033442148379981516	421888	0.01953199058659738
846000	1684	80627.4023463726	-10696.8	-10723.0	303.5236225958108	-10003.0	-11467.0	-1841.5806	2.1670043	147799.883515625	0.0043156277760863304	422912	0.045119414271940106
848000	1688	80830.78320384026	-10539.1	-10530.0	249.2090435125119	-10100.0	-11009.0	-1883.1311	2.1029956	83644.39881591797	0.004161250032484532	423936	0.026565617400984953
850000	1692	81029.77190470695	-10494.15	-10502.0	213.95579351573392	-10219.0	-10967.0	-1794.9087	2.1490915	3819.4321923828124	0.0009092052839696407	424960	-0.5791770868717854
852000	1696	81233.46749067307	-10700.15	-10714.0	292.3673383370923	-10126.0	-11135.0	-1716.9187	2.1299164	6518.6470629882815	0.003942695930600166	425984	-1.440783427153951
854000	1700	81432.64114522934	-10901.8	-10942.5	300.4122781147689	-10318.0	-11568.0	-1725.6075	2.182205	150936.1715234375	0.0013785226084291934	426752	0.008242709866451148
856000	1704	81637.07012271881	-11096.15	-11101.5	296.21760760061443	-10350.0	-11714.0	-1725.3585	2.1771526	148812.81359375	0.003405773863196373	427776	-0.0009318893576311105
858000	1708	81839.11841797829	-11286.3	-11355.0	389.01063441017976	-10531.0	-11963.0	-1735.612	2.1891913	146393.7030859375	0.003729783073067665	428800	-0.0003650635794594237
860000	1712	82042.13649773598	-11272.7	-11241.5	516.2218107507051	-10319.0	-12377.0	-1757.3041	2.2005303	163758.6858203125	0.002866720175370574	429824	-0.05383886153171846
862000	1716	82244.8328037262	-10902.6	-10857.5	299.2443817350628	-10293.0	-11474.0	-1784.068	2.1612413	166129.9645703125	-0.00496617317199707	430848	0.007290208373335161
864000	1720	82450.42806816101	-11347.25	-11406.5	350.46899029428374	-10730.0	-11933.0	-1756.6803	2.1791265	156871.0078515625	0.0030079216696321963	431872	0.002576478214186162
866000	1724	82654.85832452774	-11157.4	-11107.0	324.907824985552	-10649.0	-12073.0	-1789.6819	2.1920674	143498.2792578125	0.0009944026917219162	432896	-0.009692612523462873
868000	1728	82852.52455878258	-11187.1	-11130.0	198.77172837201974	-10932.0	-11584.0	-1805.3041	2.1884882	157620.409609375	0.0013592649251222611	433920	0.034399042563823534
870000	1732	83040.89107131958	-10883.2	-10922.5	281.4091608129943	-10447.0	-11553.0	-1807.2178	2.1732244	165536.6750390625	0.0010004533547908069	434944	-0.018899473260995947
872000	1736	83241.3692908287	-10853.85	-10905.5	298.90453941720347	-10352.0	-11396.0	-1841.1033	2.1437373	160663.81869140625	-0.003135831020772457	435968	-0.015470455779210912
874000	1740	83438.51546931267	-10542.3	-10556.0	261.1521234433053	-9840.0	-10925.0	-1862.235	2.0958004	52890.05061889649	-0.00356265801936388	436992	-0.0013066270717840833
876000	1744	83636.67881178856	-10264.0	-10374.0	290.38703755324093	-9607.0	-10637.0	-1814.6864	2.109166	169370.3219140625	-0.0014963253401219846	437760	0.0204445834252861
878000	1748	83844.12385678291	-10511.4	-10582.5	351.50269894898537	-9806.0	-11205.0	-1744.1606	2.1224186	154905.154296875	0.0033398142457008364	438784	0.012730334877208316
880000	1752	84045.36296701431	-10755.4	-10731.0	323.34784919486845	-10070.0	-11303.0	-1703.5105	2.1443217	144107.1079296875	0.0028851052559912206	439808	0.026480338282444227
882000	1756	84240.12655425072	-10550.95	-10490.0	277.9862690664301	-10164.0	-11130.0	-1710.6149	2.1611626	151457.5864453125	0.007133599370718002	440832	0.03903730146315865
884000	1760	84431.84025979042	-11055.4	-11020.0	306.7928153965594	-10422.0	-11622.0	-1722.505	2.171526	145414.795234375	-0.00027968410402536394	441856	-0.004244889644604344
886000	1764	84625.58797264099	-11427.2	-11518.5	339.0068466937846	-10738.0	-12151.0	-1779.6075	2.193487	160401.9448046875	-0.006751178614795208	442880	0.007485001518201639
888000	1768	84813.38177776337	-10553.25	-10509.5	260.43867345611125	-10069.0	-11004.0	-1831.6812	2.1334558	157490.5056640625	0.004845648258924484	443904	0.06294029528110645
890000	1772	85004.63560509682	-11150.85	-11250.0	274.13601599052595	-10665.0	-11570.0	-1769.6063	2.1698396	153582.9789453125	-0.0012660997919738293	444928	0.023453460665457948
892000	1776	85190.04783272743	-11261.95	-11245.0	302.4747879880587	-10680.0	-11960.0	-1779.6155	2.1812932	162546.8000390625	-0.0034605126455426218	445952	-0.04561914412014545
894000	1780	85392.09338188171	-10904.35	-10964.0	300.82960293162637	-10285.0	-11371.0	-1807.4778	2.1577256	155470.5126171875	-0.0034197962284088137	446976	0.0016400245328579421
896000	1784	85583.40482330322	-11033.25	-10982.0	279.35901726329826	-10560.0	-11528.0	-1846.2567	2.153374	168741.55171875	0.00045217415317893027	448000	0.008325594591732322
898000	1788	85773.72966837883	-10734.25	-10706.5	259.59236770063376	-10198.0	-11274.0	-1861.708	2.1881802	2035.3676928710938	0.0009984753653407097	448768	-0.1459330608692757
900000	1792	85978.26404309273	-11831.5	-11928.0	320.5747305929412	-11212.0	-12258.0	-1859.1726	2.229579	144913.92197265624	0.0057728951610624794	449792	0.04223430780654136
902000	1796	86177.81379938126	-11776.0	-11737.5	303.613500843979	-11348.0	-12468.0	-1914.8298	2.2316103	181997.9671484375	0.0035929319262504576	450816	0.02832660704469714
904000	1800	86379.27060747147	-11491.15	-11440.5	357.27982178207543	-10783.0	-12063.0	-1889.962	2.2093146	180582.832109375	0.0035469387285411358	451840	0.05527395518883593
906000	1804	86571.3786137104	-10772.05	-10793.5	250.19959926763315	-10306.0	-11381.0	-1828.358	2.1581378	182355.5511328125	0.0008426823653280735	452864	-0.009772560052839552
908000	1808	86757.90322256088	-10623.35	-10562.5	206.9389116572684	-10345.0	-11217.0	-1795.1932	2.144989	159217.609375	0.003916085409000516	453888	0.008899413015692414
910000	1812	86942.90990972519	-10313.0	-10409.0	397.6991722130527	-9730.0	-10970.0	-1802.8502	2.126811	141592.7992578125	-0.0010359499789774418	454912	-0.01351429332371179
912000	1816	87136.10622692108	-11159.7	-11175.0	429.67920714485547	-10446.0	-12170.0	-1778.531	2.1715307	153041.72046875	-0.004261272568255663	455936	0.017456889659234087
914000	1820	87332.44025802612	-11430.95	-11390.0	308.1750143565896	-11047.0	-12008.0	-1825.7131	2.1914208	149016.22484375	0.0002672356739640236	456960	0.0457349782267773
916000	1824	87520.34662413597	-11437.2	-11417.0	267.59073227598896	-10978.0	-11857.0	-1871.704	2.1911752	151167.079609375	-0.0004298961069434881	457984	0.08925577064744461
918000	1828	87701.47682380676	-11169.15	-11112.0	298.48129184079085	-10775.0	-11988.0	-1868.2722	2.2177258	3622.562966308594	0.0003514398448169231	458752	-0.6933577526464922
920000	1832	87889.71491646767	-11276.1	-11299.0	362.6359490990205	-10484.0	-11821.0	-1916.0999	2.2122262	2425.311456298828	-0.003037954568862915	459776	-0.30588491955057084
922000	1836	88080.33219432831	-11075.3	-11094.5	310.01903167386354	-10381.0	-11663.0	-1962.9852	2.1987522	1938.9991662597656	-0.000501910736784339	460800	-0.1833838725131165
924000	1840	88271.54406619072	-10571.75	-10575.5	325.9738244254074	-9983.0	-11294.0	-1963.768	2.1697917	1756.2412451171874	-0.004953712038695812	461824	-0.750113828958312
926000	1844	88458.14202857018	-10353.1	-10393.5	304.04308905153556	-9743.0	-10811.0	-1915.4564	2.1387012	159824.1652734375	-0.0026505742967128753	462848	-0.00453973410525621
928000	1848	88646.58712172508	-10381.15	-10351.0	324.67186268762595	-9852.0	-11039.0	-1821.3597	2.1183643	161338.8326953125	-0.00029341449961066245	463872	0.04323085798895199
930000	1852	88836.60485696793	-10563.4	-10628.5	296.44514891593263	-10011.0	-11094.0	-1750.13	2.1241097	143092.0009765625	-0.00018682684749364852	464896	-0.018672085792712956
932000	1856	89024.35450053215	-10515.25	-10468.5	349.33604316278553	-10090.0	-11069.0	-1746.7708	2.1505742	154657.218125	0.0006551024829968811	465920	0.008653704185624056
934000	1860	89207.84170031548	-10467.05	-10423.0	402.8335786714697	-9931.0	-11387.0	-1749.5793	2.1186254	137735.774609375	0.0028955065459012985	466944	-0.015870254398678174
936000	1864	89403.253023386	-10481.05	-10624.5	318.27933362146894	-9946.0	-10926.0	-1738.3324	2.119841	128960.73865234375	0.0023589614778757096	467968	0.010215607833134688
938000	1868	89600.3703584671	-10929.6	-10959.0	383.60813338614184	-10264.0	-11540.0	-1703.1345	2.1412456	140800.583046875	-0.0005254665017127991	468992	-0.002413505876347921
940000	1872	89802.29274511337	-10775.8	-10743.5	260.8075717338057	-10343.0	-11291.0	-1747.6787	2.1782622	1697.048617553711	-0.001742403730750084	469760	-0.4643374238066049
942000	1876	90007.4674217701	-11073.4	-11042.0	233.15420693293595	-10766.0	-11664.0	-1781.0715	2.191758	1896.7519207763671	-0.0008093242812901735	470784	-0.6808042008317643
944000	1880	90211.14754366875	-10732.25	-10762.0	155.38132211806504	-10458.0	-11011.0	-1823.1614	2.1824498	2187.7108068847656	-0.00223998112604022	471808	-0.2769697508572171
946000	1884	90413.92499566078	-11247.25	-11350.5	323.0274348785417	-10714.0	-11691.0	-1870.0133	2.2146082	1976.6879229736328	-0.0008256286382675171	472832	-0.09516054403340113
948000	1888	90617.40656924248	-10883.8	-10898.5	324.72897201074915	-10400.0	-11383.0	-1894.9623	2.2013633	2040.9778540039063	-0.0002427423931658268	473856	-0.4012349522567209
950000	1892	90814.38344454765	-11186.15	-11125.5	269.55700012388746	-10751.0	-11738.0	-1911.4994	2.1995058	2422.8816442871093	0.0029135993123054504	474880	-0.14932178054383982
952000	1896	91008.60879063606	-11022.65	-11059.5	263.03697458722417	-10631.0	-11439.0	-1925.5115	2.1823606	159219.122265625	-0.0021300416346639395	475904	-0.017560035736760238
954000	1900	91198.52674865723	-11504.35	-11513.0	229.2188737980866	-11103.0	-11991.0	-1867.3567	2.212681	164517.5173828125	-0.0009002184588462114	476928	0.006912251096592659
956000	1904	91389.55574131012	-11378.35	-11409.5	318.6714650413164	-10766.0	-11818.0	-1883.5045	2.229794	161002.382109375	-0.0004967077448964119	477952	0.09037355136575864
958000	1908	91586.1496579647	-11715.75	-11639.5	252.05197354597533	-11366.0	-12215.0	-1875.3123	2.2238848	174933.581640625	0.00031309735029935834	478976	-0.043481079455358396
960000	1912	91786.36182188988	-11169.8	-11173.0	240.19062604961348	-10727.0	-11702.0	-1882.7083	2.2034552	178721.850703125	-0.005388519084081053	480000	-0.03672187091338963
962000	1916	91979.45473861694	-10223.45	-10279.5	205.88588433503898	-9820.0	-10492.0	-1847.051	2.1622431	1701.3982373046874	-0.006319129709154368	480768	-0.8360688399286793
964000	1920	92181.6707584858	-10296.55	-10332.5	327.0642098555283	-9644.0	-10804.0	-1767.1324	2.1463113	2094.370672607422	-0.006035113278776407	481792	-0.38704317481733175
966000	1924	92380.28999066353	-10549.4	-10475.0	292.274816604258	-10075.0	-11174.0	-1740.4302	2.1533525	1638.1943670654298	0.004773816997185349	482816	-0.13592745672683026
968000	1928	92581.22940564156	-10689.6	-10730.5	322.74960149186535	-10071.0	-11320.0	-1723.0492	2.1674106	1735.6340844726562	0.002602983433753252	483840	-0.06441823544213121
970000	1932	92782.98262000084	-11138.5	-11130.0	235.15157485735608	-10726.0	-11573.0	-1723.6293	2.178214	1897.2630358886718	0.0016550501249730587	484864	-0.4856775812083671
972000	1936	92985.12482738495	-11249.85	-11212.0	403.75791013923185	-10237.0	-11876.0	-1807.0594	2.217088	1795.2601861572266	0.001235158136114478	485888	0.10598188879777515
974000	1940	93189.19094586372	-10624.75	-10653.5	244.34614683617218	-10159.0	-10988.0	-1892.131	2.1727235	1629.9898559570313	-0.0012495595403015614	486912	-0.03972269211077317
976000	1944	93380.3373465538	-10448.2	-10480.0	319.9533847626129	-9671.0	-10936.0	-1901.4491	2.1433706	2206.1008642578126	-0.0021421348489820955	487936	-0.3218782007196752
978000	1948	93567.44333791733	-10488.25	-10402.0	397.0121136956058	-9928.0	-11369.0	-1919.3607	2.1509151	150826.3058203125	0.0007858865894377232	488960	0.0302163275603341
980000	1952	93754.770788908	-11465.05	-11485.0	349.91103756601666	-10781.0	-12025.0	-1787.9885	2.19551	140299.6527734375	2.5111064314842223e-05	489984	0.039459337310246534
982000	1956	93936.12091970444	-11014.65	-11088.5	359.22244611030874	-10160.0	-11583.0	-1802.4435	2.2114763	2883.5156970214844	0.0005550206080079078	490752	-0.6091402363501262
984000	1960	94124.18619394302	-10132.25	-10181.0	310.3368076953269	-9316.0	-10582.0	-1833.2401	2.1560428	3471.036741943359	-0.0012711998168379068	491776	-0.2583093925227664
986000	1964	94313.23896837234	-10486.95	-10418.5	287.8015535234762	-10183.0	-11083.0	-1794.088	2.1480274	1408.2060443115233	-0.0016971341706812381	492800	-0.20643233242301484
988000	1968	94506.59070777893	-10913.35	-10868.5	315.8754376415855	-10263.0	-11478.0	-1786.5367	2.1872652	2530.971533203125	0.00013999118469655515	493824	-0.02348562160194745
990000	1972	94693.9058740139	-10103.9	-10139.5	289.410089665167	-9564.0	-10660.0	-1795.1237	2.142087	2181.9687060546876	-0.0018160516023635865	494848	-0.194576541911609
992000	1976	94880.74923992157	-10106.65	-10135.5	283.8951390918837	-9514.0	-10542.0	-1706.375	2.1344619	2747.283436279297	0.0008003148902207613	495872	-1.0035052497612575
994000	1980	95069.32735109329	-10581.85	-10616.0	249.5364702803981	-10132.0	-11000.0	-1672.7415	2.137993	1670.471796875	-0.0006689088419079781	496896	-0.5990387489386177
996000	1984	95255.81047224998	-11263.7	-11220.0	282.9906265883061	-10823.0	-11872.0	-1666.5833	2.2225313	3852.926429443359	0.004084157133474946	497920	-0.4825113288688896
998000	1988	95448.67576861382	-11425.7	-11414.5	358.5944931622846	-10677.0	-12166.0	-1749.965	2.2126033	2261.916982421875	0.0020276785083115103	498944	-0.33506853325550034
1000000	1992	95638.4979789257	-10524.35	-10466.0	324.1846898881789	-10027.0	-11141.0	-1845.37	2.1941292	1812.6512670898437	0.0010208009183406829	499968	-0.5257328182058874
1002000	1996	95838.70672655106	-10555.55	-10531.0	326.43617494969743	-9921.0	-11204.0	-1877.2607	2.159313	2194.108000488281	-0.00018337599933147431	500992	-0.29408434359808866
1004000	2000	96030.89782261848	-10358.4	-10291.5	308.2687480959294	-9968.0	-11092.0	-1943.9258	2.1163437	1766.871619873047	8.548783138394356e-05	501760	0.21606272515546177
1006000	2000	96230.8221962452	-10743.25	-10746.5	371.1499732339731	-9740.0	-11470.0	-1839.3978	2.176354	2088.3517669677735	-0.0016483299247920513	502784	0.15967138502853695
1008000	2004	96428.87127709389	-10552.05	-10566.5	261.57890527374434	-10030.0	-10952.0	-1780.8748	2.1692088	1870.583214111328	-0.0040384244732558725	503808	-0.5569125132715589
1010000	2008	96621.13427948952	-10027.1	-9968.5	303.7420824179273	-9357.0	-10622.0	-1723.3363	2.106753	2039.4013653564452	-0.0004404495656490326	504832	-0.2304332640957314
1012000	2012	96821.17334151268	-10425.4	-10445.0	363.73680478870256	-9884.0	-11319.0	-1712.3079	2.1716435	2217.7175817871093	0.0007924904301762581	505856	-0.14208304806320982
1014000	2016	97017.60601449013	-10362.0	-10342.0	333.3468242883947	-9947.0	-11080.0	-1721.1587	2.1580336	1439.0440386962891	-0.0007568513229489327	506880	-0.39539096369356996
1016000	2020	97220.98402643204	-10287.7	-10317.5	260.352817295462	-9844.0	-10768.0	-1705.2335	2.15422	2359.7876110839843	-0.0030307060480117796	507904	-0.5640057421787372
1018000	2024	97423.6248934269	-11190.4	-11219.5	291.39779286091124	-10691.0	-11740.0	-1693.389	2.1777844	1628.8766723632812	0.003165784813463688	508928	-0.1122724637495065
1020000	2028	97622.6224501133	-10898.15	-10841.5	319.44677095516903	-10423.0	-11521.0	-1746.5475	2.194297	1771.8655743408203	-0.0007223563455045223	509952	0.23448609005060528
1022000	2032	97824.26885485649	-10645.2	-10642.5	242.17731650916224	-10307.0	-11198.0	-1780.0825	2.2043984	2180.269405517578	0.00025333927944302557	510976	-0.19004267773984873
1024000	2036	98024.06775021553	-10571.65	-10546.0	344.29107559860176	-10033.0	-11471.0	-1773.7223	2.1848044	2525.5791564941405	-0.00035394037142395975	512000	-0.1533270136810645
1026000	2040	98218.17969083786	-10804.35	-10813.0	335.1526400093891	-10189.0	-11294.0	-1766.3472	2.1602292	3087.9607568359374	8.047817274928093e-05	512768	-1.1791314907269839
1028000	2044	98418.10292243958	-11306.65	-11267.0	315.54852408564926	-10827.0	-12048.0	-1806.891	2.2096243	2975.4524755859375	-0.0037458886113017798	513792	-0.17567950328775872
1030000	2048	98619.49181628227	-11646.55	-11652.0	214.83052684187575	-11287.0	-11979.0	-1846.7968	2.2263987	2110.2186303710937	0.0002478002943098545	514816	-0.20005678312383623
1032000	2052	98816.97904539108	-10403.35	-10539.5	320.810695943229	-9651.0	-10930.0	-1852.7687	2.1693618	2296.758271484375	5.882658064365387e-05	515840	-0.029954113683971384
1034000	2056	99002.66891503334	-9946.4	-9922.5	358.9617191142722	-9404.0	-10948.0	-1772.7412	2.1069481	1796.0260083007813	0.0009519793465733528	516864	-0.6610206304209125
1036000	2060	99189.91994524002	-10058.9	-10047.0	316.65403668257323	-9436.0	-10541.0	-1707.3661	2.1465456	2164.385958251953	0.0004784049093723297	517888	0.1971639131944184
1038000	2064	99381.1068725586	-10012.65	-10035.5	307.72463339810804	-9520.0	-10550.0	-1687.3007	2.128021	2402.0810034179685	0.0011427253391593695	518912	-0.08407767652901055
1040000	2068	99569.43694496155	-10307.2	-10298.5	235.54094514989376	-9841.0	-10730.0	-1669.841	2.1207397	2129.805703125	-0.0011909863352775575	519936	-0.04537869294799757
1042000	2072	99755.66445469856	-10250.05	-10227.5	239.80419095587132	-9793.0	-10666.0	-1647.1105	2.1267872	1890.4794226074218	0.005895500835031271	520960	-0.5127885406332655
1044000	2076	99935.20592188835	-10214.55	-10219.0	327.75592250460113	-9584.0	-10796.0	-1665.2417	2.1414096	2348.734490966797	0.0006906130537390709	521984	-0.5175220665299489
1046000	2080	100087.79053544998	-10164.55	-10180.5	261.2620130705653	-9614.0	-10476.0	-1671.1831	2.139128	3246.6646942138673	0.004478434575721621	522752	-0.2152084019422298
1048000	2084	100240.2456972599	-9490.2	-9491.5	215.4795386549437	-9173.0	-10038.0	-1675.6598	2.061524	2228.2727575683593	0.0016133028455078602	523776	-0.7878158058709284
1050000	2088	100393.04042291641	-9966.25	-9954.5	248.12048749708168	-9409.0	-10417.0	-1629.3418	2.0968442	2299.6016589355468	0.0009840873163193464	524800	-0.5430473618592069
1052000	2092	100539.79015135765	-10027.0	-10095.5	352.16921769901586	-9216.0	-10547.0	-1651.2872	2.1200058	2073.5114489746093	-0.0058763138204813	525824	-1.0206802357948352
1054000	2096	100689.58250904083	-10244.15	-10232.5	260.0091648182304	-9646.0	-10602.0	-1715.0406	2.1294587	2205.9595599365234	0.0022428361605852844	526848	-0.29747604286540685
1056000	2100	100845.06660103798	-10657.2	-10678.0	265.0176955362951	-10100.0	-11181.0	-1695.9895	2.1674879	1897.0781646728515	-0.0014718503691256047	527872	-0.3728492441010629
1058000	2104	100999.86975550652	-10537.8	-10557.0	353.52995853102374	-9926.0	-11098.0	-1713.6207	2.1720092	2018.1124084472656	-0.000863341186195612	528896	0.18637102571661524
1060000	2108	101159.44734430313	-10480.85	-10435.5	398.41663923718426	-9675.0	-11277.0	-1674.3806	2.1604085	1787.192608642578	-0.0018890770711004735	529920	-0.607094798322001
1062000	2112	101324.59815144539	-9802.0	-9763.0	314.0457559689436	-9145.0	-10526.0	-1668.2684	2.1236963	1580.6330529785157	0.00010030869394540787	530944	0.11015433276243958
1064000	2116	101495.81457304955	-10197.15	-10110.0	395.7583360162055	-9418.0	-10840.0	-1628.395	2.0952635	1871.9972314453125	0.0017341931164264678	531968	-0.5732995236080294
1066000	2120	101687.3411154747	-10706.65	-10625.5	315.9630682948812	-10238.0	-11450.0	-1641.537	2.1587167	1525.062457885742	0.0043825477734208106	532992	-0.545768998545539
1068000	2124	101870.02850842476	-10910.6	-10907.0	250.07607263643428	-10402.0	-11597.0	-1665.6072	2.1835701	4115.328269042969	0.002153312899172306	533760	-0.7406087477965628
1070000	2128	102064.868704319	-10328.55	-10386.5	312.4257343332719	-9697.0	-10793.0	-1702.895	2.1489272	2229.7117504882813	-0.0020260664261877535	534784	-0.4473383622087008
1072000	2132	102257.79793953896	-10548.1	-10534.5	322.52766507207116	-9864.0	-11162.0	-1697.2963	2.149817	2789.889617919922	-0.003035543914884329	535808	-0.8027635998207641
1074000	2136	102444.89602613449	-10212.7	-10179.0	340.39668809075965	-9761.0	-10872.0	-1695.1804	2.1457727	2640.774094238281	0.0014509933814406395	536832	-0.11012274723405002
1076000	2140	102605.5988073349	-10322.3	-10262.5	369.4003818423354	-9692.0	-11266.0	-1683.6443	2.134602	2637.2778076171876	0.0005645273439586163	537856	0.2727042662162189
1078000	2144	102792.56748437881	-10476.4	-10524.0	294.0707755840957	-9735.0	-10872.0	-1752.0739	2.1379004	2301.454395751953	-0.005979411080479622	538880	0.0069308670116950966
1080000	2148	102979.13134527206	-10405.85	-10376.0	350.4468238061082	-9828.0	-11315.0	-1878.5461	2.171295	2316.9279296875	-0.001453823409974575	539904	-0.7012250696950113
1082000	2152	103155.02776908875	-10961.15	-11000.5	257.36667984557914	-10599.0	-11517.0	-1757.555	2.1457608	2230.1391552734376	-0.0021383560635149478	540928	-0.5600634984046753
1084000	2156	103348.04572057724	-10785.8	-10742.5	334.05193419114056	-10044.0	-11339.0	-1767.0162	2.190305	1619.8029748535157	-0.0012517335265874862	541952	-0.5605580503190475
1086000	2160	103535.20083236694	-10679.95	-10719.0	296.9438144622117	-10016.0	-11247.0	-1740.9883	2.1508574	1625.5693298339843	0.008113132491707802	542976	-1.237609957495196
1088000	2164	103714.21457457542	-10154.1	-10140.5	342.98717177177343	-9587.0	-10862.0	-1746.4246	2.1423764	2597.9299890136717	-0.004257828276604414	544000	-0.3012627997243855
1090000	2168	103894.874802351	-10754.4	-10777.0	307.07386390693824	-10132.0	-11445.0	-1701.6362	2.1614537	2030.6416143798829	0.002750547006726265	544768	-0.05182955291615143
1092000	2172	104062.10857582092	-10909.25	-10890.5	323.487228251913	-10312.0	-11489.0	-1697.076	2.1704223	2358.2817578125	-0.0025409097224473954	545792	-0.7708466344476792
1094000	2176	104218.71997880936	-10756.1	-10727.5	369.4740073472871	-10167.0	-11622.0	-1730.461	2.1841674	2592.068030395508	-7.567929103970528e-05	546816	-0.3137453098438381
