steps	episodes	elapsed	mean	median	stdev	max	min	average_value	average_entropy	average_value_loss	average_policy_loss	n_updates	explained_variance
2000	0	233.51823019981384	-13966.65	-13934.0	399.46849885685276	-13085.0	-14516.0	-765.36993	2.302516	7508.089462890625	-0.0018384504690766334	768	-0.11090026542878073
4000	4	470.46517038345337	-14019.65	-13962.0	309.56493664496304	-13480.0	-14610.0	-1607.0527	2.302403	4418.0996997070315	-0.0010252968408167363	1792	-0.03300045362885129
6000	8	710.781840801239	-13913.5	-13909.5	289.2204586197362	-13189.0	-14350.0	-1929.31	2.3014965	3142.254930419922	-0.0003025924041867256	2816	0.22111770192519387
8000	12	949.3628008365631	-13467.0	-13565.0	270.8079529268316	-12852.0	-13835.0	-2026.3676	2.2940552	2839.0929431152344	0.003944727350026369	3840	0.019499416296870575
10000	16	1190.3847997188568	-13428.35	-13518.0	341.5907485188734	-12796.0	-14045.0	-2061.671	2.2887096	2279.360859375	-0.0006330229155719281	4864	0.6505918171461442
12000	20	1431.777940750122	-12749.0	-12669.5	298.4496783819942	-12291.0	-13349.0	-1938.4681	2.2647712	3544.5215698242187	-0.0035433445684611795	5888	0.07313016971125286
14000	24	1675.402971982956	-12480.9	-12451.5	322.2179550030007	-11863.0	-13187.0	-1806.5858	2.2485793	3040.6637744140626	0.0018553002178668975	6912	0.5079252981699356
16000	28	1917.9618220329285	-12386.45	-12414.0	279.3500869028531	-11894.0	-13072.0	-1660.0906	2.2282758	2569.010130615234	0.0016769220121204853	7936	0.43561720842499607
18000	32	2162.705232143402	-12214.85	-12191.5	251.78212699412205	-11777.0	-12815.0	-1611.466	2.2322447	3335.3407861328124	0.0073966866545379165	8960	0.26674032830045935
20000	36	2409.0232422351837	-12034.25	-11935.5	367.73329508733565	-11557.0	-12829.0	-1523.6047	2.212721	2582.316602783203	-0.0009737123176455498	9984	0.4908646673343209
22000	40	2646.1440064907074	-11856.55	-11818.5	328.36813022485666	-11329.0	-12511.0	-1427.8016	2.2056322	3338.9983068847655	-0.004602165501564741	10752	0.5516439285846976
24000	44	2890.2086215019226	-11830.3	-11811.5	313.4549577312756	-11174.0	-12508.0	-1456.7502	2.2132502	3701.655031738281	0.0011163239553570747	11776	-0.2766956526888593
26000	48	3134.204154253006	-12669.8	-12649.0	278.58790543135854	-12348.0	-13433.0	-1493.7607	2.255014	4484.684245605469	0.0025760505720973017	12800	0.616979127889026
28000	52	3377.0507831573486	-12186.75	-12230.5	265.00424524901484	-11618.0	-12699.0	-1729.3085	2.248578	2345.8923693847655	-0.002498055957257748	13824	0.6741485180462223
30000	56	3621.618173122406	-11827.5	-11812.5	271.0951474065304	-11329.0	-12329.0	-1808.8232	2.2222369	3283.9328881835936	-0.0019323645904660224	14848	0.3788422518076817
32000	60	3865.7281832695007	-11275.05	-11225.0	253.93108783372912	-10752.0	-11689.0	-1747.4354	2.1851401	4195.634688720703	-0.002491494193673134	15872	0.6528246131842403
34000	64	4111.899907588959	-11406.55	-11442.0	378.806223897071	-10755.0	-12309.0	-1744.5438	2.183451	1962.9357702636719	-0.0013448860961943864	16896	0.3816197647714731
36000	68	4357.561648368835	-11482.85	-11499.5	324.8136753343531	-10808.0	-12079.0	-1638.1003	2.1807237	2465.492540283203	-3.028878942131996e-05	17920	0.5705111710428588
38000	72	4600.749550104141	-11636.3	-11648.5	291.0426085644506	-11092.0	-12310.0	-1587.487	2.198812	2348.5546130371094	0.003215243015438318	18944	0.5017598906019313
40000	76	4841.7639145851135	-11801.25	-11774.5	374.84086096986755	-11076.0	-12471.0	-1593.7882	2.2206225	3108.158582763672	-7.20389373600483e-05	19968	0.7540245875381105
42000	80	5082.576920747757	-11546.0	-11589.5	235.50282152740425	-11060.0	-11870.0	-1475.4163	2.221167	3358.787628173828	0.003651311546564102	20992	0.15701861804738082
44000	84	5321.024173736572	-11803.15	-11848.5	421.464898332371	-10994.0	-12442.0	-1422.6289	2.2127275	4938.488015136719	0.0008879451081156731	21760	0.24648201242477863
46000	88	5565.749028682709	-11793.2	-11849.5	293.7678281264054	-11239.0	-12338.0	-1341.9253	2.1788101	3154.7454467773437	0.0010780476406216622	22784	0.7855056665575813
48000	92	5808.752606630325	-12003.85	-11951.5	262.76591043019744	-11596.0	-12503.0	-1324.1525	2.2026267	6314.929655761719	-0.004432153031229973	23808	-0.16441355937407365
50000	96	6049.9171142578125	-11613.55	-11535.5	320.9370285831622	-11177.0	-12446.0	-1316.5708	2.1924303	5666.307844238281	-0.001465729009360075	24832	-0.755615940163197
52000	100	6293.788769483566	-12228.5	-12315.5	282.7244334385656	-11756.0	-12683.0	-1481.4182	2.209074	5290.777751464844	0.0026398671045899393	25856	0.34939004245321903
54000	104	6536.493141889572	-11876.6	-11916.0	260.2762500033176	-11484.0	-12573.0	-1618.1508	2.2111537	3657.6064916992186	-0.0032786863297224046	26880	0.4669742534626715
56000	108	6776.509810209274	-11763.45	-11955.0	374.7191895975326	-10868.0	-12394.0	-1651.6383	2.228221	4728.960048828125	1.7301663756370545e-05	27904	0.24684127827990987
58000	112	7019.162353038788	-11488.2	-11564.0	326.9248424815388	-10708.0	-12119.0	-1685.8407	2.191406	3633.903603515625	-0.001416631219908595	28928	0.12766969739448752
60000	116	7260.946781396866	-11907.15	-11953.5	346.50773136358276	-11110.0	-12494.0	-1683.7466	2.2030997	2412.3992944335937	0.0018612519279122353	29952	0.6606028316850214
62000	120	7503.4984085559845	-12297.2	-12167.0	400.5905640426394	-11546.0	-13416.0	-1677.3694	2.2280412	2932.5381274414062	-0.002252579312771559	30976	0.5179061904442406
64000	124	7744.414306879044	-12288.05	-12310.5	365.8329321022457	-11463.0	-12877.0	-1658.0125	2.2516973	4610.533405761718	-0.004556260872632265	32000	-0.07880401472167375
66000	128	7977.139819383621	-12052.8	-12020.0	269.6066530492544	-11657.0	-12664.0	-1631.3844	2.2296834	2981.430186767578	-0.0024123961478471757	32768	0.30904511963561987
68000	132	8218.990509986877	-11539.1	-11615.5	365.01519795323884	-10883.0	-12254.0	-1521.7251	2.18755	4766.726975097657	-0.0016694201715290547	33792	0.019931834059628173
70000	136	8457.756603002548	-11515.7	-11470.0	195.95678900690004	-11185.0	-11863.0	-1458.5472	2.1968904	3099.530478515625	-0.003939306968823076	34816	0.5958393594530442
72000	140	8697.684175252914	-11784.65	-11856.0	318.730751740812	-10864.0	-12167.0	-1335.1907	2.1957717	3155.360087890625	-0.0020151154510676863	35840	0.2059267455444178
74000	144	8940.361201047897	-11267.15	-11269.0	289.67209683400733	-10567.0	-12076.0	-1252.6888	2.1779308	2860.0333850097654	-0.0008759721927344799	36864	0.054200998341788376
76000	148	9182.993909358978	-11395.65	-11465.0	269.52107133717175	-10607.0	-11870.0	-1306.7347	2.1839519	4211.551181640625	0.004766764622181654	37888	0.0654970514950044
78000	152	9424.946026325226	-11556.45	-11621.5	271.76915029604	-11074.0	-11950.0	-1455.9081	2.1733007	3966.9745654296876	-0.0008564952202141285	38912	0.2548148189221009
80000	156	9666.383195400238	-11415.15	-11401.0	280.19096401523996	-10730.0	-11858.0	-1603.988	2.1918302	3053.8704467773437	-0.0033648404479026794	39936	0.2621935848565937
82000	160	9908.41526389122	-11194.4	-11174.5	314.0835289503331	-10725.0	-11783.0	-1561.4633	2.1394403	2737.388309326172	0.0001957455649971962	40960	0.31760078773189293
84000	164	10148.30753827095	-11183.85	-11163.5	252.82202498158557	-10852.0	-11781.0	-1609.1843	2.1682656	2339.9579760742185	-0.0012248566187918186	41984	0.4657883771101585
86000	168	10386.000078201294	-11726.95	-11723.5	316.3827586958556	-11027.0	-12237.0	-1575.3865	2.1845782	2760.852614746094	0.00026116237044334414	42752	0.585299575818394
88000	172	10626.726646900177	-11998.2	-11967.0	349.121393455659	-11296.0	-12612.0	-1598.2002	2.2322893	3020.6867358398435	0.0049775467440485955	43776	0.3630542591366651
90000	176	10867.181693315506	-12060.3	-12162.5	401.8411705086843	-10968.0	-12562.0	-1625.9799	2.2273476	3194.868232421875	-0.0002549340389668942	44800	0.13326223713172047
92000	180	11106.591608762741	-12117.95	-12064.5	348.86680839541043	-11408.0	-12683.0	-1557.0295	2.2358925	3617.5577368164063	-0.0044629973359406	45824	0.17926103672971716
94000	184	11347.218148469925	-12672.9	-12546.0	377.21652305162604	-11972.0	-13493.0	-1492.4833	2.2631426	3860.531875	-0.0008815400302410126	46848	0.6185994820818617
96000	188	11589.572583675385	-12812.15	-12919.0	383.47185102210017	-11804.0	-13471.0	-1339.0267	2.2578773	3907.077550048828	-0.005121019054204225	47872	0.39983769516608625
98000	192	11827.539687633514	-12552.05	-12461.5	539.7779733615627	-11263.0	-13722.0	-1372.582	2.2626333	4828.434528808593	0.002363912221044302	48896	-0.36287982737326296
100000	196	12068.641669034958	-12664.65	-12721.0	324.6459245328508	-11968.0	-13150.0	-1300.0243	2.2641685	4397.8466796875	-0.0009031563438475132	49920	-0.031195240710729655
102000	200	12311.030488491058	-11752.2	-11755.5	373.65190668377574	-11110.0	-12381.0	-1399.0906	2.2342834	4493.6998608398435	0.0016718245763331651	50944	0.34221112298101064
104000	204	12554.208099603653	-11734.5	-11758.5	260.62889527569956	-11257.0	-12321.0	-1591.6018	2.1856	2506.525438232422	0.0020299202390015123	51968	0.7837595853318795
106000	208	12798.398597717285	-11629.25	-11644.0	368.18543311474826	-10881.0	-12282.0	-1628.8319	2.2147758	2466.6157775878905	-0.0031424020789563656	52992	0.4502068269452477
108000	212	13035.556347608566	-11872.15	-11853.5	336.0263578320825	-10994.0	-12647.0	-1722.0413	2.2113461	3623.5811486816406	0.0018300379253923893	53760	0.45011338500586406
110000	216	13277.928985834122	-11964.9	-11968.0	386.61144645019994	-11377.0	-12797.0	-1686.8816	2.229899	3550.082235107422	0.0006889823451638222	54784	0.25108043342271535
112000	220	13521.023427963257	-11797.7	-11848.0	282.63349896436927	-11347.0	-12273.0	-1690.6051	2.2074277	4137.321284179688	-0.0023789701238274576	55808	0.07489820384453816
114000	224	13764.806424856186	-11687.0	-11691.0	298.32426723458593	-11156.0	-12373.0	-1625.4742	2.1928144	4121.766818847656	0.0016234149131923914	56832	0.45450858796246596
116000	228	14009.161083459854	-11993.2	-11995.5	232.64171685459303	-11608.0	-12444.0	-1543.3749	2.2182727	3227.99486328125	-0.0006056629121303558	57856	0.5939516154523232
118000	232	14250.426051855087	-12546.55	-12588.0	292.67324603962084	-11802.0	-13023.0	-1472.3544	2.2487426	3129.744685058594	-0.006330507677048445	58880	0.5702817202023418
120000	236	14493.831305742264	-12222.0	-12224.5	357.1990452041226	-11462.0	-12900.0	-1418.686	2.2490191	3553.828770751953	-0.00591138893738389	59904	0.5595117934982696
122000	240	14735.770770311356	-11855.25	-11854.5	259.6033158088459	-11149.0	-12307.0	-1332.641	2.213002	6234.4051171875	0.0011116737825796008	60928	-0.022963287353162887
124000	244	14980.266648054123	-12002.35	-11999.0	374.0788370327697	-11215.0	-12772.0	-1133.0962	2.2258623	3344.628746337891	-0.0005902217701077462	61952	0.13460794154734945
126000	248	15224.0738799572	-11549.5	-11604.5	259.8437789782242	-10863.0	-11911.0	-1257.6422	2.1808233	4391.018273925782	0.0020163735281676053	62976	0.2777325787700977
128000	252	15467.305262804031	-11161.55	-11120.5	263.1918401790643	-10608.0	-11585.0	-1246.7798	2.1730742	5277.970981445313	0.005268046818673611	64000	0.20162180293752574
130000	256	15706.810981273651	-11566.0	-11568.0	308.093799797536	-11097.0	-12183.0	-1473.4788	2.174048	5386.338767089844	-0.0011861460842192172	64768	0.43259395726475025
132000	260	15950.154570817947	-11599.75	-11591.5	318.1609779572863	-11198.0	-12285.0	-1496.4368	2.1998324	3962.5611865234373	0.004836509302258492	65792	0.4911760189536124
134000	264	16193.605113744736	-11736.95	-11776.0	350.6990725304021	-11081.0	-12487.0	-1582.0498	2.1963723	3060.2971130371093	-0.0022801725566387178	66816	0.6431538828250201
136000	268	16436.305723905563	-11342.2	-11391.0	271.00370943275993	-10829.0	-11768.0	-1542.8254	2.1789331	3048.3803247070314	-0.0029418065398931505	67840	0.2914627620099106
138000	272	16678.969497919083	-12073.95	-12155.5	263.7805058436993	-11555.0	-12443.0	-1601.123	2.2122622	2613.247919921875	-0.004113141223788261	68864	0.3378533943123745
140000	276	16922.57509613037	-11697.4	-11644.0	332.62344760214495	-11051.0	-12497.0	-1544.321	2.20032	3636.9502490234377	-0.003834055420011282	69888	0.45123105290014753
142000	280	17162.822992801666	-11927.8	-11915.0	255.4660550115375	-11457.0	-12385.0	-1517.6586	2.2327735	2309.855985107422	-0.002300036670640111	70912	0.25747075722736557
144000	284	17404.90336728096	-11822.65	-11901.5	450.37017230858345	-10631.0	-12555.0	-1407.429	2.2033393	3037.068031005859	-0.001351486686617136	71936	0.7237181716459689
146000	288	17646.330554008484	-12332.05	-12302.5	293.9494183125998	-11794.0	-13011.0	-1426.6787	2.2375338	4000.4624658203124	-0.0004229463078081608	72960	-0.3227972332454847
148000	292	17887.21313714981	-12047.35	-12112.5	375.3471761337481	-11147.0	-12794.0	-1297.0765	2.2420154	3059.7232385253906	-0.004377796892076731	73984	-0.12477998902844001
150000	296	18122.751007556915	-12252.5	-12338.0	248.28771510826752	-11729.0	-12654.0	-1207.1372	2.225078	6589.373798828125	0.0019199715182185173	74752	-0.08732658634363966
152000	300	18364.700085878372	-12366.6	-12395.0	278.32816677629415	-11779.0	-12795.0	-1228.0417	2.2327693	3608.948767089844	-0.0033977554459124803	75776	0.5816959440488089
154000	304	18606.702781915665	-12087.15	-12127.5	299.01949857210946	-11270.0	-12510.0	-1331.69	2.2271786	9147.5415234375	-0.002023106701672077	76800	0.32989577938169723
156000	308	18852.15300130844	-11659.4	-11610.5	286.71742920605004	-11164.0	-12229.0	-1529.4487	2.1736162	4418.433269042969	0.002404955010861158	77824	-0.2755347260899277
158000	312	19094.443858861923	-10867.45	-10886.5	327.02510365574784	-10010.0	-11419.0	-1572.0571	2.1181195	3572.0029174804686	-0.003820511782541871	78848	0.35939134788000693
160000	316	19337.128116846085	-10828.0	-10812.0	287.25488406823064	-10079.0	-11375.0	-1500.8857	2.1358135	1861.206485595703	-0.0005000859685242176	79872	0.7144249496066633
162000	320	19580.51625108719	-11494.15	-11498.0	344.80891351893047	-10868.0	-12163.0	-1459.6353	2.1553392	3408.8573779296876	-0.0006078087911009788	80896	0.4432994794580212
164000	324	19823.101073503494	-11611.7	-11614.0	306.6003913891827	-10824.0	-12132.0	-1477.4912	2.1953652	3754.4149975585938	0.002050421079620719	81920	0.2700565840541175
166000	328	20065.776966571808	-11557.2	-11570.0	238.6745416715098	-10875.0	-11944.0	-1463.9705	2.1697452	3759.4130737304686	0.004232694692909718	82944	0.35913220627012943
168000	332	20309.870304584503	-11828.75	-11826.5	284.3657531752855	-11202.0	-12215.0	-1324.4705	2.1860588	4398.130068359375	-0.0021538720838725567	83968	-0.19305435957074524
170000	336	20551.779162168503	-11018.25	-11008.0	205.5600501326226	-10655.0	-11414.0	-1366.0643	2.1640434	3251.3889367675783	-0.0008259513601660729	84992	0.17172273738108612
172000	340	20789.56212234497	-11125.9	-11105.0	225.24230228099273	-10706.0	-11511.0	-1241.7073	2.1334312	5437.104792480469	-0.000788058266043663	85760	-0.04456124495376779
174000	344	21030.898237466812	-10985.6	-11008.0	279.2226804239904	-10506.0	-11426.0	-1145.2683	2.122787	6347.870004882812	0.006013507787138224	86784	0.2447532539906917
176000	348	21271.990401268005	-10986.95	-11023.0	381.686489564131	-10458.0	-12036.0	-1176.3738	2.1305196	4278.8589453125	-0.005858500776812434	87808	0.5840706669916798
178000	352	21515.25580716133	-11346.7	-11347.0	265.7301955783446	-10734.0	-11945.0	-1188.8528	2.1459615	7151.61994140625	0.002904358021914959	88832	-0.16177613841981398
180000	356	21757.399682044983	-11607.75	-11646.5	209.2970377239009	-11238.0	-11913.0	-1439.0005	2.1999764	3027.0397204589844	0.0010774658992886543	89856	0.1382876864358007
182000	360	22003.00735759735	-11822.8	-11774.5	355.66551406446035	-11059.0	-12659.0	-1569.4163	2.2133	4730.773760986328	0.0024445963464677332	90880	-0.2997119308812948
184000	364	22244.92695426941	-12296.05	-12342.0	364.4481733424268	-11610.0	-12857.0	-1623.7963	2.221968	7104.168032226563	0.0031570775620639326	91904	0.3524243793941694
186000	368	22486.279268026352	-12335.8	-12356.0	383.7129683829609	-11648.0	-12971.0	-1647.7863	2.2527852	3821.3288305664064	-0.002380489092320204	92928	0.400140892327439
188000	372	22727.597987174988	-11911.45	-11904.0	323.06402738385106	-10888.0	-12304.0	-1705.9902	2.2477818	3077.562791748047	0.00012283191084861756	93952	-0.47352558472898054
190000	376	22969.941118478775	-11901.1	-11907.0	256.11755113619216	-11437.0	-12389.0	-1617.4972	2.2145147	2580.9083959960935	-0.0005263456143438817	94976	0.23310989227455403
192000	380	23212.504269838333	-12005.4	-11889.5	287.5111714076699	-11585.0	-12487.0	-1568.7731	2.2215257	3473.7283056640626	-0.003462745640426874	96000	0.31407870286225603
194000	384	23450.278077840805	-11828.7	-11870.5	365.7813698458627	-11282.0	-12509.0	-1503.9907	2.2151737	3003.3433386230467	-0.0019706743210554122	96768	0.6413625695498681
196000	388	23693.712221860886	-11542.15	-11537.5	323.5728625339601	-10856.0	-12178.0	-1419.2693	2.1872969	4096.156027832031	0.0024519886262714865	97792	-0.059283308993168804
198000	392	23937.203767299652	-11756.25	-11804.0	364.20654565059215	-11197.0	-12246.0	-1337.4347	2.1902401	3048.2623315429687	-0.0007619601674377918	98816	0.04764385147848127
200000	396	24183.441092014313	-11244.5	-11238.5	292.2694322925878	-10711.0	-11818.0	-1278.5566	2.1611314	5305.30978515625	0.00593489084392786	99840	0.44610522135052944
202000	400	24429.50244450569	-11764.9	-11664.5	350.54317250443444	-11170.0	-12445.0	-1279.5856	2.2065253	5454.124165039062	-0.004788313806056976	100864	0.12113602827431702
204000	404	24671.14113020897	-11583.55	-11498.0	364.0326004776582	-10941.0	-12248.0	-1396.302	2.1898077	6561.142409667968	0.003340572053566575	101888	0.7504818442506194
206000	408	24913.66245985031	-12041.3	-11977.0	338.5113074376658	-11639.0	-13061.0	-1516.9917	2.2052557	7759.17939453125	-0.0008750702999532222	102912	0.1424577659879176
208000	412	25154.345373153687	-12224.45	-12263.5	377.03015026722505	-11529.0	-13006.0	-1572.0636	2.2469232	4915.792761230468	-0.0029102626629173758	103936	0.1389974981204718
210000	416	25398.570467948914	-11937.25	-11912.5	348.1356171016359	-11372.0	-12590.0	-1716.2905	2.2383795	4000.8228930664063	-0.001921553649008274	104960	0.4095954661837413
212000	420	25640.465911388397	-12325.4	-12308.0	358.14586854785125	-11575.0	-13209.0	-1735.5714	2.2336802	3715.595461425781	0.004604878406971693	105984	-0.9010147430658764
214000	424	25873.422010421753	-12074.55	-12029.5	291.248758750461	-11580.0	-12631.0	-1699.36	2.2326279	4307.690190429687	0.00021817229688167572	106752	0.7588478429998171
216000	428	26116.90255188942	-11932.9	-11858.5	301.57863598771473	-11448.0	-12475.0	-1694.4481	2.232808	3606.108361816406	0.00017047122120857238	107776	0.8674394649098159
218000	432	26357.306384325027	-12085.95	-12055.0	302.13372344395003	-11615.0	-12713.0	-1711.714	2.235439	4204.0345849609375	-0.0013007991760969162	108800	0.6866559574100808
220000	436	26599.522245407104	-12324.15	-12269.0	342.0005040008598	-11547.0	-13096.0	-1612.7305	2.2380898	6229.904396972656	0.0007163729518651962	109824	0.46595843807837345
222000	440	26839.5374481678	-12178.65	-12192.5	337.53195170391297	-11502.0	-12754.0	-1551.8453	2.2400815	6174.0912890625	-0.0009516576770693064	110848	0.3329975578109622
224000	444	27080.13534784317	-12012.35	-11974.0	375.3279653568961	-11340.0	-12746.0	-1529.1207	2.22061	5365.265141601562	-7.973765954375267e-05	111872	0.0123079297407519
226000	448	27321.0834543705	-11896.7	-11934.0	317.0766302862515	-11183.0	-12361.0	-1530.066	2.2205913	5975.473249511719	-0.0019417919218540191	112896	0.4444506460958255
228000	452	27564.75637292862	-12023.1	-11987.5	283.54520664353737	-11558.0	-12681.0	-1541.8365	2.2433121	9214.994384765625	0.002096517374739051	113920	0.14613987954181407
230000	456	27807.534918308258	-12265.7	-12306.0	336.1636662792631	-11552.0	-12860.0	-1670.0343	2.2461314	7452.573002929687	0.0032719222689047457	114944	0.1941896184440095
232000	460	28050.306214809418	-12068.85	-12038.0	323.0646464555874	-11387.0	-12651.0	-1909.6313	2.2481794	4433.349113769531	-0.004199397787451744	115968	0.67134702106678
234000	464	28292.081396341324	-11819.25	-11768.0	406.2098077283916	-11101.0	-12521.0	-1864.7113	2.2430658	4714.284645996094	0.0015681230276823044	116992	0.27911553842506187
236000	468	28528.17875146866	-12521.35	-12451.0	358.6404554923907	-11860.0	-13161.0	-1853.3967	2.2562716	2419.786359863281	-0.005267457524314523	117760	0.9288696815792047
238000	472	28771.580207824707	-12295.95	-12261.0	292.1773929436848	-11699.0	-12827.0	-1839.4883	2.2488208	3570.1655151367186	0.0008424727665260434	118784	0.8994868437385402
240000	476	29011.240190267563	-12100.35	-12177.0	293.9219866061849	-11414.0	-12590.0	-1725.495	2.2286987	3227.598975830078	-0.003984220754355192	119808	0.7373582107020777
242000	480	29253.365016222	-12291.3	-12200.0	264.66922752749326	-11839.0	-12733.0	-1693.7736	2.2284322	3120.371318359375	0.002306499248370528	120832	0.8574420821106342
244000	484	29494.792495965958	-11966.95	-12006.0	341.4716563717451	-11311.0	-12576.0	-1744.2102	2.2312725	5970.43294921875	0.0007721859123557807	121856	0.5296653770912071
246000	488	29738.888479471207	-11391.6	-11380.0	323.40009439180994	-10943.0	-11935.0	-1648.4059	2.198826	4181.288536376953	4.9390457570552825e-05	122880	0.47867200271842825
248000	492	29980.931006908417	-11184.7	-11160.5	245.01280310263488	-10744.0	-11747.0	-1705.0311	2.1615982	3118.7655676269533	-0.00471812242642045	123904	0.5316695890309182
250000	496	30224.762074947357	-11343.55	-11353.5	296.9952108421243	-10607.0	-11950.0	-1583.701	2.151748	4052.294981689453	-0.009594706762582063	124928	0.5166357913024993
252000	500	30465.557973623276	-11584.95	-11579.0	336.6557628076177	-10902.0	-12298.0	-1624.2212	2.1899917	4913.643035888672	-0.0015979046374559403	125952	0.32985701923814603
254000	504	30704.867187023163	-12136.55	-12215.0	333.1802854785663	-11624.0	-12840.0	-1754.0117	2.2464273	6370.512885742188	0.0016904431581497193	126976	0.27398162386075464
256000	508	30947.209411144257	-12098.8	-12119.0	351.98767921020965	-11345.0	-12811.0	-1892.3541	2.2443423	9555.616455078125	0.0026791646890342237	128000	0.31818533721728937
258000	512	31183.93319296837	-12435.3	-12488.0	371.18332823268713	-11563.0	-13067.0	-1891.9537	2.2512681	3253.1760192871093	-0.0018815348856151104	128768	0.9618798599543359
260000	516	31428.127839803696	-12332.0	-12320.0	353.98111754576314	-11651.0	-12887.0	-1889.8578	2.2473655	3253.78580078125	-0.002675712890923023	129792	0.9507144176901456
262000	520	31670.426938533783	-12152.95	-12167.5	383.9712811355064	-11460.0	-12810.0	-1920.5723	2.2371938	2917.07158203125	-0.003969945646822452	130816	0.9169093051772698
264000	524	31911.374562501907	-12025.2	-12016.5	360.83158339999477	-11380.0	-12967.0	-1890.9442	2.2335126	2181.8503881835936	-0.0002323797345161438	131840	0.9068433462122689
266000	528	32153.05507159233	-12135.75	-12008.5	330.3023933498387	-11702.0	-12745.0	-1887.6815	2.2343857	1595.224149169922	-0.0014464456867426634	132864	0.9084750143827385
268000	532	32395.418694972992	-11888.0	-11950.0	318.1467718224603	-11386.0	-12535.0	-1748.4768	2.202851	4192.474522705078	0.0008930589817464352	133888	0.691988142760634
270000	536	32638.511902570724	-11570.9	-11550.0	312.5623979809135	-11149.0	-12092.0	-1745.996	2.201902	4195.293625488282	-0.005652993842959404	134912	0.582386396312019
272000	540	32883.9593129158	-11613.1	-11654.5	277.0836658750148	-10978.0	-12086.0	-1730.1533	2.178872	4183.460935058593	0.0043150951527059075	135936	0.6755896416232918
274000	544	33130.33582901955	-11651.55	-11693.0	377.9343405797807	-10907.0	-12492.0	-1676.2465	2.1881752	4324.228830566406	-0.0015835818834602834	136960	0.3335892506592205
276000	548	33373.42239809036	-11949.75	-11940.0	261.334404647822	-11454.0	-12482.0	-1569.4285	2.1943018	4234.462575683594	-0.0011199861019849777	137984	-0.18922208574175858
278000	552	33613.464503765106	-12082.3	-12136.0	245.6116103890342	-11636.0	-12540.0	-1664.07	2.2152078	44368.251005859376	-0.00044038200750947	138752	0.8809613536473594
280000	556	33856.507586717606	-12285.6	-12269.5	281.1509053496847	-11792.0	-13004.0	-1662.2657	2.2414188	47244.039345703124	3.7528835237026214e-05	139776	0.8308512734436696
282000	560	34100.12250137329	-11967.6	-11929.5	336.5439519274524	-11459.0	-12822.0	-1809.2091	2.2325861	60220.731274414065	-0.0034659585356712343	140800	0.8588185517701155
284000	564	34345.072956085205	-11913.6	-11894.5	328.45610136868487	-11179.0	-12443.0	-1871.5514	2.2136827	3416.3305200195314	-0.001906642746180296	141824	0.9728242835262365
286000	568	34589.53890132904	-12387.6	-12420.5	273.0171384633881	-11937.0	-12881.0	-1885.1815	2.2402637	5191.405478515625	-0.0048937277868390085	142848	0.938043148704735
288000	572	34833.548691272736	-12530.1	-12589.0	301.0322416724092	-11964.0	-12989.0	-1921.3639	2.2435956	3455.6025146484376	-3.114618360996246e-05	143872	0.9216891365760042
290000	576	35080.158184051514	-12163.65	-12188.0	322.3251504794172	-11537.0	-12772.0	-1943.0319	2.2232325	3502.689951171875	-0.001965254060924053	144896	0.8655346374367615
292000	580	35327.64634990692	-11631.6	-11635.0	323.0741156616022	-11162.0	-12147.0	-1900.2257	2.1770287	4772.578933105468	-0.00517240272834897	145920	0.6996006000505846
294000	584	35574.800808906555	-11997.15	-11981.5	356.30195281382805	-11481.0	-12733.0	-1808.5398	2.1850705	3732.4536206054686	-0.0010320993512868881	146944	0.6840210318023169
296000	588	35820.3356654644	-11748.9	-11812.0	338.4734927038717	-11105.0	-12360.0	-1759.6531	2.203936	4970.653669433594	-0.0003346080891788006	147968	0.45381313193680584
298000	592	36063.92015886307	-12110.35	-12157.5	321.16060501021343	-11372.0	-12813.0	-1743.2703	2.2009609	4521.539653320313	0.0008095214329659939	148992	0.2930026265409703
300000	596	36301.22582435608	-12089.45	-12169.0	350.3770112321869	-11529.0	-12758.0	-1676.8389	2.2210498	95923.453828125	0.0019521132111549378	149760	0.688549043667711
302000	600	36542.49266266823	-12540.0	-12471.5	322.02157495553325	-12115.0	-13349.0	-1731.656	2.2535112	63577.38313476562	-0.002613445557653904	150784	0.8205078618610502
304000	604	36786.42217993736	-12687.15	-12727.0	284.7276214578639	-12170.0	-13432.0	-1695.2163	2.2487047	50677.5591796875	-0.0001865813136100769	151808	0.8406102014432701
306000	608	37031.44703960419	-12207.05	-12304.5	328.92143918859216	-11450.0	-12666.0	-1749.0365	2.2167606	58099.044375	0.0050200000405311584	152832	0.8579233864318573
308000	612	37277.86259150505	-11646.15	-11630.5	385.13487384633396	-10827.0	-12552.0	-1867.732	2.1841846	57823.867326660155	0.001967191454023123	153856	0.8152580922041213
310000	616	37521.72937941551	-11780.25	-11712.0	283.8526072305466	-11409.0	-12350.0	-1874.415	2.1865609	2384.5958447265625	-0.00018272820860147477	154880	0.932468630078487
312000	620	37768.138437986374	-11752.45	-11788.5	253.7270549646857	-11230.0	-12147.0	-1824.446	2.1760445	3252.7576220703127	-0.001008290145546198	155904	0.8861452440531319
314000	624	38009.84301686287	-12273.55	-12343.5	295.80638671443967	-11640.0	-12693.0	-1861.3583	2.2287374	2864.1772204589843	0.003647162541747093	156928	0.8836100056225207
316000	628	38251.16166257858	-12487.4	-12460.0	340.6679815952925	-11679.0	-13045.0	-1898.7399	2.2276435	4765.446357421875	0.0026878512650728224	157952	0.6285946707625308
318000	632	38495.3701980114	-12138.4	-12131.5	354.60272804483907	-11368.0	-12945.0	-1930.2456	2.240836	3213.9410595703125	0.00043447569012641904	158976	0.7385227934846451
320000	636	38740.229562044144	-12084.25	-12051.5	349.0857043010619	-11500.0	-12972.0	-1892.6443	2.1952915	4879.640319824219	0.0009792272467166185	160000	0.6043502947002879
322000	640	38980.9901869297	-12127.6	-12207.0	305.37800561892055	-11364.0	-12562.0	-1840.007	2.2040153	108120.98514648438	0.00023563606664538382	160768	0.6818764154936212
324000	644	39226.19164156914	-12109.9	-12047.5	380.29613115100324	-11610.0	-13086.0	-1848.4562	2.219247	102464.463125	-0.0025880600418895484	161792	0.6624278885833659
326000	648	39469.52904295921	-11880.65	-11840.5	287.1957474762136	-11302.0	-12537.0	-1844.4745	2.207765	67714.69916015625	0.00044843293726444245	162816	0.7754353786961007
328000	652	39714.71588921547	-11747.05	-11718.5	228.0970419061058	-11329.0	-12197.0	-1788.9839	2.1992016	61858.729140625	0.0036901974864304065	163840	0.826725816791884
330000	656	39957.210525512695	-12220.0	-12185.0	341.66357722180453	-11720.0	-13002.0	-1758.0177	2.224375	50923.59634765625	0.004093232657760381	164864	0.8384772855660354
332000	660	40199.57430315018	-11636.15	-11640.0	339.71338925939506	-11050.0	-12177.0	-1723.3333	2.2060752	50158.55272460938	0.0026655250415205957	165888	0.8649211835234794
334000	664	40442.33661651611	-11734.45	-11634.0	395.42069202838957	-10748.0	-12539.0	-1961.9625	2.195012	40769.102993164066	-0.003515417631715536	166912	0.9148805527576749
336000	668	40682.9678440094	-11416.45	-11407.0	396.59544215338894	-10768.0	-12085.0	-1864.844	2.1822286	2261.8583862304686	0.003573152758181095	167936	0.9294051559767657
338000	672	40923.2365128994	-11868.75	-11913.5	282.4402824632045	-11016.0	-12326.0	-1889.3192	2.1998887	3530.1999975585936	-0.001248204642906785	168960	0.942089959087815
340000	676	41164.595381975174	-11763.15	-11757.5	341.3496856520258	-11106.0	-12392.0	-1854.9712	2.2051861	3607.4898852539063	0.0007187688909471035	169984	0.9000378572386267
342000	680	41399.649302482605	-11356.2	-11367.5	344.80850520710464	-10498.0	-11897.0	-1853.4336	2.1662674	117271.0106640625	0.001001313179731369	170752	0.6844709313015084
344000	684	41643.0976293087	-11400.45	-11385.0	301.48849589643504	-10848.0	-12065.0	-1844.0148	2.1773384	122050.27671875	0.0020096732210367917	171776	0.6872515887021609
346000	688	41880.36535143852	-11473.85	-11518.5	295.20274478113475	-10921.0	-12082.0	-1800.3085	2.182922	86934.51095703125	0.003785079400986433	172800	0.7773707004308242
348000	692	42120.72080087662	-11899.3	-11919.5	371.9684621605779	-11247.0	-12658.0	-1774.7343	2.2133281	104684.076015625	0.0014941850118339061	173824	0.689331374815894
350000	696	42358.78707027435	-11595.8	-11670.5	325.9831445432659	-11028.0	-12010.0	-1758.6056	2.183139	73503.3513671875	-0.0023129431903362273	174848	0.7693610575979933
352000	700	42599.79293203354	-11464.2	-11544.0	314.8215200294989	-10907.0	-11935.0	-1698.9954	2.1930425	62502.513828125	0.003955241721123457	175872	0.7845669237577148
354000	704	42843.31755423546	-11620.45	-11644.0	294.9393291759118	-11032.0	-12057.0	-1686.6643	2.1923325	48538.16176757812	-0.0005780809186398983	176896	0.7891111926125232
356000	708	43096.293810367584	-11341.1	-11349.5	275.7704804628966	-10696.0	-11695.0	-1632.6382	2.1844049	40603.53676757812	-0.0022279582545161247	177920	0.7959341554399358
358000	712	43358.91348075867	-11114.85	-11089.5	204.67336622556746	-10821.0	-11500.0	-1596.5393	2.157046	38518.13447265625	0.004005325995385647	178944	0.8541159555431681
360000	716	43618.47445678711	-11757.85	-11852.0	373.69636914986137	-10926.0	-12253.0	-1783.7792	2.2112324	27635.28677734375	-0.000890874182805419	179968	0.9194083276493403
362000	720	43876.8745136261	-11766.35	-11758.0	285.20487096305465	-11300.0	-12361.0	-1850.1377	2.2078605	2220.625791015625	-0.005173990614712238	180992	0.9452703911134293
364000	724	44131.43694663048	-11383.0	-11351.0	365.091336805636	-10944.0	-12127.0	-1815.7545	2.1774375	127378.21875	-0.0011080100573599338	181760	0.6039325572460552
366000	728	44390.24725532532	-11169.45	-11107.0	338.9437890052909	-10587.0	-11951.0	-1837.5446	2.155143	130018.37296875	-0.0015299315005540847	182784	0.6284869865576466
368000	732	44649.983746528625	-11698.4	-11644.0	343.0882040954974	-11052.0	-12449.0	-1798.2598	2.1938593	129830.6109765625	-0.001044452805072069	183808	0.6136916724298296
370000	736	44910.41233611107	-11618.0	-11595.5	396.6326684530796	-11048.0	-12248.0	-1877.035	2.1860738	117055.3908203125	0.0032296582125127316	184832	0.6560757553777841
372000	740	45170.70025062561	-11231.05	-11306.5	241.83736923373678	-10561.0	-11575.0	-1836.1665	2.1650186	103065.56662109375	0.001944240964949131	185856	0.7433443098403159
374000	744	45431.821608543396	-11203.5	-11221.0	327.94632102477414	-10758.0	-11965.0	-1799.7476	2.1622405	83611.58697265625	-0.0007218260876834392	186880	0.7321305975422339
376000	748	45695.06108236313	-11972.2	-11923.0	435.67124254298375	-10953.0	-12881.0	-1812.142	2.2082179	89343.57154296876	0.0001380220428109169	187904	0.7659921984748199
378000	752	45956.50812602043	-11617.25	-11621.5	268.2269021791654	-11079.0	-12047.0	-1863.5156	2.2057388	60802.75482421875	0.0009658066555857658	188928	0.7795624138452064
380000	756	46217.48800063133	-11715.3	-11753.5	310.1003402975101	-11159.0	-12206.0	-1735.6182	2.2045069	38630.24192382812	0.0018257407657802105	189952	0.7908678426145817
382000	760	46476.738240242004	-11190.65	-11171.0	280.6327952850017	-10685.0	-11650.0	-1785.6626	2.1844757	48535.33681640625	0.004144168272614479	190976	0.8824578492942406
384000	764	46738.388862371445	-11529.05	-11565.5	324.60607300477136	-10775.0	-12114.0	-1734.8536	2.1712968	47138.857578125	-0.002674611806869507	192000	0.8702810788911154
386000	768	46995.91724777222	-11791.6	-11735.5	370.21421963648646	-11280.0	-12800.0	-1775.0946	2.2135782	84495.9815234375	0.002423738241195679	192768	0.05605190818757755
388000	772	47255.99691605568	-12009.15	-12016.5	330.46861066004277	-11452.0	-12795.0	-1848.8859	2.22616	121643.8594140625	0.0009235070832073689	193792	0.644798839856435
390000	776	47518.535714387894	-12051.95	-12075.0	277.0237449446489	-11354.0	-12416.0	-1951.0538	2.2268834	127659.4471484375	-0.0007782973814755678	194816	0.6293442541908443
392000	780	47776.25786995888	-12176.6	-12138.0	393.34227762652347	-11531.0	-13170.0	-1990.5946	2.2327676	144573.14078125	-0.0025576797127723695	195840	0.5862067613999652
394000	784	48038.521600961685	-11655.75	-11659.0	289.74959697533393	-11142.0	-12099.0	-1910.411	2.2080617	134330.9380859375	0.002973993271589279	196864	0.5347082113968107
396000	788	48299.92205142975	-11664.45	-11612.5	352.4425261096145	-11103.0	-12458.0	-1823.3801	2.1962283	124887.2730078125	0.004755155127495528	197888	0.4867690511803874
398000	792	48561.024128198624	-11716.9	-11752.5	347.41479833948233	-11115.0	-12151.0	-1820.0594	2.1995022	103188.9817578125	-0.000527883879840374	198912	0.6605741196469628
400000	796	48824.08144617081	-12058.45	-12073.5	271.12290376758733	-11528.0	-12388.0	-1813.8014	2.2200856	96693.66140625	-0.002474183738231659	199936	0.634030839057907
402000	800	49085.83548760414	-11603.35	-11612.0	340.3814075879864	-10997.0	-12222.0	-1819.4471	2.1981723	65517.2874609375	0.0035559865739196537	200960	0.714840848328016
404000	804	49347.27813625336	-11621.25	-11692.5	384.7123156197026	-10861.0	-12468.0	-1800.9794	2.219044	48667.63589355469	-0.0027580826543271543	201984	0.7813897465789954
406000	808	49604.45181941986	-10722.35	-10793.5	344.3083494103566	-10108.0	-11282.0	-1779.4053	2.1247697	2659.359295654297	-0.000462900847196579	202752	-0.07995009498157724
408000	812	49866.49981355667	-11339.4	-11345.0	340.6931633874495	-10813.0	-12160.0	-1721.1075	2.1680546	2189.627404785156	-0.00446789669804275	203776	0.2333450235516591
410000	816	50127.03294849396	-11740.2	-11716.0	334.5533707717452	-11073.0	-12414.0	-1741.7065	2.2168376	3383.3205700683593	0.004144284464418888	204800	0.20192584681849357
412000	820	50388.607281684875	-11897.45	-11878.0	376.091600684279	-11172.0	-12619.0	-1652.868	2.2335768	90202.8344140625	-0.0026350956317037345	205824	0.26216495426719044
414000	824	50646.74966073036	-12044.35	-12066.5	326.93493236422444	-11328.0	-12668.0	-1919.3362	2.234929	143264.9418359375	0.005472609740681946	206848	0.5007509381255721
416000	828	50908.447266578674	-12211.3	-12186.5	237.604957417714	-11769.0	-12631.0	-1942.1777	2.2272213	150887.774375	0.0013579378463327884	207872	0.48646272903830645
418000	832	51170.36636734009	-11800.75	-11740.5	268.318913745722	-11380.0	-12350.0	-1997.106	2.2003202	151412.088359375	-0.001162847001105547	208896	0.47204051628668
420000	836	51430.41998195648	-11705.15	-11683.5	317.75947126552717	-11081.0	-12391.0	-1944.2479	2.2032914	142267.959375	-0.0011837411858141422	209920	0.527235951676077
422000	840	51690.64113664627	-11391.95	-11329.5	345.5458648817	-10557.0	-12218.0	-1892.0833	2.183294	124198.001171875	-0.001705611739307642	210944	0.47211242995682945
424000	844	51955.49001336098	-11371.95	-11348.0	317.9780652812392	-10953.0	-12086.0	-1869.8071	2.1443877	93352.2837890625	0.00036831170320510864	211968	0.6821546755385588
426000	848	52217.95615744591	-11460.5	-11427.0	306.7430778183489	-10839.0	-12009.0	-1772.6526	2.1477187	72932.2975	-0.0013477231096476316	212992	0.7028830080738335
428000	852	52473.79310631752	-11159.8	-11224.0	309.7818587328832	-10393.0	-11676.0	-1763.0988	2.1798432	3432.116934814453	0.004331803862005473	213760	-0.6812171056257446
430000	856	52733.83881807327	-11282.85	-11259.0	323.40023679319523	-10714.0	-11982.0	-1689.5767	2.1582656	5417.757097167969	-0.00509187844581902	214784	-0.10901357586780924
432000	860	52995.407479047775	-11491.15	-11477.0	343.2391026368461	-10913.0	-12077.0	-1614.2181	2.1745546	2369.0136987304686	-0.0017238109186291694	215808	0.09623032434305545
434000	864	53257.50531077385	-11268.85	-11303.0	258.74174789790527	-10557.0	-11650.0	-1575.3046	2.18109	6445.139309082031	0.0014340842422097921	216832	0.35510284297805006
436000	868	53520.54847788811	-11474.2	-11459.5	292.8609513781331	-10786.0	-12063.0	-1537.018	2.1939888	4971.290529785157	-0.00014431055635213852	217856	0.12256621320224714
438000	872	53782.341658592224	-12262.1	-12255.0	327.01100898899415	-11618.0	-12894.0	-1679.5725	2.2042866	119589.2048828125	-0.0031185660697519778	218880	0.36705934854291555
440000	876	54043.94342470169	-12022.25	-12052.0	263.8980814034484	-11352.0	-12418.0	-1826.14	2.2288299	127950.8529296875	-0.004953938387334347	219904	0.48995512124095353
442000	880	54305.35234475136	-12014.7	-12016.0	358.24882561235506	-11420.0	-12851.0	-1890.4133	2.2119644	143169.7650390625	-0.004708735030144453	220928	0.488052749352225
444000	884	54566.714438676834	-11860.55	-11862.0	317.04266274430637	-11267.0	-12357.0	-1888.6847	2.2002945	127634.27453125	0.0013757403660565614	221952	0.48551572082405137
446000	888	54829.48977279663	-11437.45	-11468.5	312.3827738023034	-10900.0	-12201.0	-1855.147	2.1699123	125419.40025390625	0.0006093079783022403	222976	0.5259650763186718
448000	892	55092.350777864456	-11247.05	-11171.5	374.5535553021406	-10816.0	-12249.0	-1800.6737	2.1492975	109655.07203125	-0.0015649398043751717	224000	0.6467219366821684
450000	896	55351.71529960632	-11217.9	-11124.0	365.1682957357146	-10621.0	-11868.0	-1745.2788	2.1725435	3748.1822998046873	-0.0052334196958690885	224768	0.2121777338749561
452000	900	55617.4151391983	-10967.85	-10985.5	332.03523513088345	-10294.0	-11530.0	-1725.6561	2.1536386	2005.4232739257814	0.0024649866297841074	225792	-0.058841958313364806
454000	904	55880.52559995651	-11208.4	-11184.5	292.7199847528081	-10834.0	-11888.0	-1655.7178	2.1503887	3941.9927734375	0.002677869535982609	226816	-0.5043299660019833
456000	908	56140.565425395966	-11737.2	-11808.0	334.6279316368838	-10973.0	-12318.0	-1597.285	2.2240987	2659.6424072265627	-0.0049940225481987	227840	-0.019898356206650814
458000	912	56397.06583857536	-11539.6	-11478.0	306.24644358837264	-11049.0	-12116.0	-1554.8044	2.2042534	4004.7295568847658	-0.0002884546667337418	228864	0.22402678357349604
460000	916	56650.77291679382	-11473.3	-11501.5	325.7349746100509	-10946.0	-12029.0	-1457.2645	2.184228	1808.9007513427734	0.002227533645927906	229888	0.2848494176973497
462000	920	56909.81330418587	-11757.25	-11714.0	271.89604727968333	-11370.0	-12303.0	-1477.867	2.1951435	2533.1494177246095	0.003137487731873989	230912	0.024469943682591255
464000	924	57205.39780282974	-12091.9	-12075.5	405.2814356780522	-11506.0	-12828.0	-1683.763	2.2135963	105504.38921875	0.0021504106745123862	231936	0.5742691846549995
466000	928	57509.96180725098	-11621.3	-11699.5	370.36000977711575	-10948.0	-12164.0	-1798.307	2.1776161	126028.416875	0.0020676282700151207	232960	0.6711060227713963
468000	932	57812.57408070564	-11477.65	-11516.0	244.59876382181062	-10995.0	-11832.0	-1832.2937	2.1865478	131039.47357421875	-0.0053229909762740136	233984	0.6793896298914383
470000	936	58115.65156340599	-11538.7	-11521.5	249.38494868692246	-11019.0	-12111.0	-1836.328	2.1835845	2934.143150634766	0.0008085848577320576	234752	0.1864396980648122
472000	940	58421.521500349045	-11870.4	-11908.5	390.1279682090831	-10868.0	-12498.0	-1791.905	2.2263637	2757.728634033203	0.0018906491249799729	235776	-0.5719186005484544
474000	944	58728.82037591934	-11854.15	-11907.0	342.962983271864	-10981.0	-12359.0	-1727.744	2.2302082	3510.4927685546877	0.001026621200144291	236800	0.3251532729365849
476000	948	59035.36062693596	-11546.25	-11586.0	322.2421245618041	-10945.0	-12096.0	-1745.7445	2.2050457	2697.3393005371095	0.0003810386173427105	237824	0.014842017658323381
478000	952	59343.61593747139	-11998.7	-12012.0	293.4486595462206	-11429.0	-12577.0	-1695.3998	2.2327242	3039.5000537109377	0.00754043934866786	238848	-0.3534435946266228
480000	956	59652.159294843674	-11838.55	-11863.0	353.40158683705334	-11119.0	-12375.0	-1600.5518	2.2175274	3171.5998852539065	-0.004269059151411057	239872	-0.1103624721402443
482000	960	59958.41147017479	-11904.55	-11916.0	247.4710987910348	-11501.0	-12347.0	-1477.2188	2.2167954	2743.2026232910157	0.0031934142298996448	240896	0.19140877043482352
484000	964	60267.026176691055	-12273.05	-12372.0	322.8583647425145	-11549.0	-12752.0	-1358.0135	2.2459824	3395.932716064453	0.00040421368554234506	241920	-0.14766626739564037
486000	968	60574.355154037476	-11888.1	-11902.5	423.91544588886813	-11146.0	-12694.0	-1337.3564	2.2429664	2951.8988671875	0.0017462317273020745	242944	-0.07675829078457919
488000	972	60875.45646429062	-11693.4	-11777.0	317.3960501196871	-11157.0	-12205.0	-1423.466	2.2036598	2489.1949243164063	-0.0027703990042209623	243968	0.0008170252771272368
490000	976	61178.4702603817	-12550.0	-12495.5	301.6681690376469	-12002.0	-13063.0	-1674.669	2.2369602	143808.478359375	0.0019500186759978534	244992	0.4683633787624949
492000	980	61480.26307272911	-12348.4	-12426.5	296.3421564411829	-11608.0	-12780.0	-1809.119	2.245655	2509.579572753906	-0.00380097821354866	245760	0.3230319544457122
494000	984	61788.06061434746	-12143.5	-12192.5	274.9257315980751	-11247.0	-12469.0	-1758.3485	2.2423975	4414.4049780273435	-0.0018358047865331172	246784	0.561715971166048
496000	988	62094.72787094116	-12447.05	-12382.0	349.5745496878651	-11960.0	-13357.0	-1763.1632	2.252418	1878.0931311035156	0.0002801887132227421	247808	0.025465524783106708
498000	992	62401.536677360535	-12407.2	-12304.5	321.74124942093977	-11889.0	-12958.0	-1838.7203	2.2509243	2536.908814697266	-0.0037905369326472283	248832	-0.04564467827694285
500000	996	62708.27063345909	-12059.35	-11956.5	342.96758708291037	-11664.0	-12752.0	-1793.6168	2.2398677	3684.841513671875	-0.0014717943221330644	249856	0.433906107004274
502000	1000	63015.77123808861	-11395.95	-11353.0	267.2642049791889	-10948.0	-11999.0	-1687.9398	2.1855404	2463.471817626953	-0.003715207688510418	250880	-0.137274151155393
504000	1000	63322.32488179207	-11085.2	-11121.5	350.06113751743425	-10475.0	-11896.0	-1546.3805	2.1666396	3681.523836669922	-0.003781566992402077	251904	-0.30730401907288085
506000	1004	63630.17070865631	-11297.75	-11357.5	336.75836644160904	-10681.0	-11842.0	-1395.548	2.1773157	2523.432440185547	-0.0029922892525792123	252928	-0.42484042828073076
508000	1008	63937.24711203575	-11328.35	-11310.5	326.3948649944371	-10796.0	-11813.0	-1244.7596	2.1871645	1813.9213525390626	-0.00445128498133272	253952	0.10547934891053778
510000	1012	64242.19612979889	-11532.85	-11446.0	325.7459899983421	-11027.0	-12285.0	-1164.408	2.1882744	2710.5004309082033	-1.8505742773413658e-05	254976	0.23317021045637543
512000	1016	64547.09424853325	-11708.85	-11712.0	383.6136042535784	-11160.0	-12319.0	-1084.4868	2.1983895	3688.8679553222655	-2.074938267469406e-05	256000	0.41744173128506
514000	1020	64845.1854763031	-12124.4	-12117.5	322.37284723062356	-11541.0	-12772.0	-1153.3325	2.215599	4038.7786450195313	0.000622497946023941	256768	0.3407431564564939
516000	1024	65150.53294301033	-12505.7	-12513.0	289.2913483160641	-11817.0	-12979.0	-1527.0865	2.2539225	1912.8185791015626	-0.0006729136221110821	257792	0.1154796223204625
518000	1028	65457.590749025345	-12653.3	-12615.5	345.74452083035317	-12214.0	-13570.0	-1671.464	2.2723954	3191.881259765625	0.0022164304926991464	258816	-1.4111282491842725
520000	1032	65762.29056763649	-12024.05	-12018.5	233.89617017183636	-11615.0	-12540.0	-1787.5723	2.2315922	3991.663332519531	-0.0029619747772812845	259840	0.09428167421689937
522000	1036	66067.38665556908	-12269.7	-12274.5	330.8804999741718	-11748.0	-12994.0	-1775.9003	2.2484174	2836.3485754394533	-0.003810687903314829	260864	-0.6184103813324315
524000	1040	66373.76131463051	-12077.05	-12053.5	381.4630388386272	-11381.0	-12713.0	-1768.6832	2.2478232	2127.856916503906	0.0036107469722628594	261888	0.07911175467450249
526000	1044	66676.01878476143	-11927.3	-12005.0	268.073065452411	-11520.0	-12357.0	-1714.1461	2.2241564	3091.784514160156	-0.001794082447886467	262912	0.33686977780976957
528000	1048	66978.54398322105	-11613.05	-11674.5	380.09949874653665	-10871.0	-12102.0	-1584.168	2.1988783	2434.9763317871093	-0.0013517437502741814	263936	0.06615805753141624
530000	1052	67282.18867397308	-11769.1	-11785.5	385.7443794999345	-11044.0	-12620.0	-1511.776	2.214001	3023.710358886719	-0.002437561359256506	264960	0.19297512688185958
532000	1056	67583.73881363869	-11808.9	-11760.0	342.95341098356664	-11188.0	-12458.0	-1446.5885	2.2329917	2687.529169921875	0.000358793456107378	265984	-0.0562018784863938
534000	1060	67879.50477409363	-12381.35	-12451.0	345.5200923398324	-11673.0	-12922.0	-1266.6145	2.2354858	3632.8924450683594	-0.0018787245638668536	266752	0.30048989989535035
536000	1064	68187.45786976814	-12263.9	-12252.0	230.02148641056627	-11866.0	-12703.0	-1261.0668	2.2216475	2843.156076660156	0.00021763069555163383	267776	-0.07284786023724799
538000	1068	68491.20045733452	-12243.6	-12332.5	299.35499081578007	-11740.0	-12604.0	-1184.3677	2.2364156	7236.00818359375	0.0022998535074293613	268800	0.3488925046043677
540000	1072	68793.44317102432	-11957.5	-12005.5	323.5693206457588	-11404.0	-12742.0	-1306.42	2.2316186	6378.082685546875	-0.004355399627238512	269824	0.3362161331360912
542000	1076	69094.18695187569	-11752.05	-11758.5	199.34246517250816	-11326.0	-12027.0	-1506.5039	2.2099984	3736.7699816894533	0.0027515242900699377	270848	0.48866137551005806
544000	1080	69395.53590202332	-10995.9	-11010.0	285.91439646380724	-10531.0	-11574.0	-1567.2737	2.166178	3033.700938720703	0.00038391668349504473	271872	0.40185155002139605
546000	1084	69703.33820843697	-12167.95	-12167.0	282.92912912116907	-11622.0	-12744.0	-1629.5642	2.2089527	3164.4279736328126	-0.00021943094208836555	272896	0.532858661705701
548000	1088	70005.79653000832	-11713.1	-11785.0	364.78413227262877	-10907.0	-12255.0	-1683.0361	2.2215655	2087.244921875	-0.0004698999784886837	273920	0.4533911406821556
550000	1092	70311.30606174469	-11694.35	-11729.0	241.2751813964601	-11210.0	-12030.0	-1655.0913	2.1906233	2001.190474243164	-0.0004913781210780144	274944	0.2375491557124122
552000	1096	70615.67670035362	-11211.35	-11222.0	384.8665216327398	-10459.0	-11956.0	-1640.6647	2.1779833	2700.7515502929687	0.003539664298295975	275968	0.02679459615944868
554000	1100	70916.38380122185	-11259.1	-11243.0	406.1654964744246	-10490.0	-12131.0	-1494.452	2.1814396	4301.757507324219	-0.0029516380280256273	276992	0.016915130102868714
556000	1104	71215.64147353172	-11290.8	-11260.0	384.19739991996715	-10616.0	-12105.0	-1465.5577	2.171013	2706.753709716797	-0.005192582756280899	277760	0.2231789610288527
558000	1108	71520.2012014389	-11559.1	-11593.0	321.1133428360902	-10880.0	-12011.0	-1399.7307	2.1843743	3627.796805419922	-0.001707150647416711	278784	0.624537535973273
560000	1112	71821.87838315964	-10922.55	-11056.5	359.9910050045841	-10414.0	-11418.0	-1201.577	2.1392655	2872.1470336914062	0.0014010714367032051	279808	-0.1991518313281193
562000	1116	72127.03105282784	-11291.55	-11281.5	321.6556633878435	-10607.0	-11797.0	-1029.3226	2.1350942	3698.5285107421873	0.0027005426213145257	280832	-0.24160854928512854
564000	1120	72429.61554527283	-11527.5	-11471.5	336.44261260866966	-10849.0	-12146.0	-1145.4565	2.176418	6718.815104980469	-0.0024064068868756296	281856	-0.35719197693213234
566000	1124	72733.08902478218	-11951.55	-11964.5	363.1332182691723	-11163.0	-12703.0	-1385.9688	2.2202704	5916.469338378906	0.002531670508906245	282880	-1.0416262021566416
568000	1128	73037.9085264206	-11651.25	-11727.0	226.55030230322848	-11295.0	-12067.0	-1507.1407	2.221725	5079.376333007813	-0.0075016232952475545	283904	0.579279124289416
570000	1132	73341.50137543678	-11300.2	-11308.0	332.89726564464934	-10648.0	-11944.0	-1589.2255	2.1782608	3103.9094921875	-0.003975611254572868	284928	-0.30488010444131075
572000	1136	73645.09989356995	-11050.45	-11004.5	247.63629421093813	-10618.0	-11669.0	-1604.846	2.1835399	3106.604509277344	0.003170618852600455	285952	0.6481415373661055
574000	1140	73949.68164920807	-10849.0	-10924.0	290.89697941295117	-10248.0	-11318.0	-1650.4792	2.143717	2919.1024670410156	-0.0003150808624923229	286976	0.28405112690419243
576000	1144	74250.36657071114	-11551.15	-11546.5	258.9727226034271	-10956.0	-12079.0	-1506.188	2.1933017	3419.3264367675783	0.00317364358343184	288000	-0.2082930225253441
578000	1148	74545.04645061493	-11320.05	-11365.0	394.5960592808803	-10513.0	-12113.0	-1588.5642	2.1933527	2468.204455566406	-0.0016803432255983353	288768	0.4472418826842428
580000	1152	74847.33903121948	-11304.1	-11240.5	319.59693365237405	-10762.0	-11839.0	-1576.5529	2.1825893	2596.8943395996093	-0.002573283389210701	289792	0.7169155355243452
582000	1156	75147.0958878994	-11771.15	-11721.0	402.8396932044466	-11160.0	-12576.0	-1397.4905	2.187532	3889.0750122070312	-2.089701592922211e-06	290816	0.3212213310081218
584000	1160	75450.4450700283	-12188.65	-12180.0	246.3705542470528	-11741.0	-12682.0	-1289.8545	2.2183325	3285.9661181640627	0.0044717049971222875	291840	0.6453077915080808
586000	1164	75751.44515681267	-12177.7	-12279.0	399.7079328446552	-11474.0	-13042.0	-1302.3623	2.2441163	3520.1114025878906	-0.00042331013828516005	292864	0.5094755344795494
588000	1168	76047.1796901226	-11945.25	-11968.0	273.9340825434969	-11397.0	-12416.0	-1216.4465	2.2452133	5145.917321777344	-0.0046817344427108765	293888	0.5472903274516157
590000	1172	76324.62105536461	-11945.1	-11990.5	343.18659954209045	-11288.0	-12559.0	-1229.4203	2.234984	4586.355939941406	0.006878116633743048	294912	0.5307201303961645
592000	1176	76601.87140417099	-11602.7	-11597.0	218.7810970377757	-11109.0	-12086.0	-1445.5236	2.2270234	3134.741824951172	-0.004146474935114383	295936	0.25509145726014937
594000	1180	76878.47680449486	-11802.3	-11890.5	253.1822933860315	-11356.0	-12119.0	-1593.6355	2.2246568	2640.827984619141	-0.0013988086208701134	296960	0.5214336505317023
596000	1184	77151.98770546913	-12178.15	-12260.5	370.8040019939602	-11471.0	-12846.0	-1686.3741	2.230032	2283.1977880859376	-0.0007684658374637366	297984	-0.008542294391109984
598000	1188	77421.23817896843	-12173.1	-12129.0	322.7904485640963	-11654.0	-12992.0	-1722.8531	2.2268848	2836.9413293457033	0.0010457677859812976	298752	-0.26775884554787344
600000	1192	77697.92687702179	-12080.65	-12091.5	199.43902247105635	-11736.0	-12517.0	-1684.8462	2.2222795	2444.3272924804687	0.003931589992716909	299776	-0.16785818673695574
602000	1196	77975.44943833351	-11749.0	-11695.5	337.79174524830347	-11326.0	-12719.0	-1592.5387	2.1996865	2930.476160888672	0.000793818486854434	300800	0.3756307564185368
604000	1200	78252.67819452286	-11840.2	-11877.0	383.66372337188585	-10931.0	-12659.0	-1571.9308	2.214399	2383.43521484375	0.0037695091404020787	301824	0.13954710690422212
606000	1204	78530.07414579391	-11827.5	-11942.0	323.0448070599821	-11176.0	-12317.0	-1441.7793	2.2154424	2332.979295654297	0.0002270413003861904	302848	0.10783218282010676
608000	1208	78805.51213669777	-11827.5	-11854.0	357.0169537475187	-11198.0	-12422.0	-1389.344	2.1995575	2582.998801269531	0.005277795251458883	303872	0.39073285045419714
610000	1212	79079.09044194221	-11677.75	-11687.0	275.7649409036235	-11206.0	-12175.0	-1228.3923	2.1990132	2287.035596923828	-0.0028429354820400476	304896	0.028803552111181907
612000	1216	79353.60715436935	-12354.95	-12299.0	406.9341696405607	-11721.0	-13177.0	-1082.811	2.2109268	4329.29566040039	-0.0006876577995717525	305920	0.4724872703697848
614000	1220	79629.50004124641	-12373.0	-12286.0	358.23911450021023	-11722.0	-12974.0	-1098.4573	2.2423184	7160.005869140625	-0.0026945381984114646	306944	0.4075196669967206
616000	1224	79908.60834598541	-12011.25	-11971.5	282.46953724903545	-11518.0	-12542.0	-1117.1089	2.2329087	2541.575852050781	0.0021928839758038523	307968	0.17116309917853856
618000	1228	80186.27511525154	-11525.55	-11579.5	324.560184184528	-10660.0	-12168.0	-1535.8627	2.2216163	1897.8993444824218	-0.0010618721693754197	308992	-0.0758287599930394
620000	1232	80457.26393842697	-11927.0	-11894.5	309.69016774834813	-11480.0	-12545.0	-1642.316	2.2195592	2564.7791101074217	-0.005093392282724381	309760	-0.4534846823192795
622000	1236	80734.70660376549	-12306.7	-12250.5	291.43241520390103	-11925.0	-13053.0	-1716.8848	2.2413614	3028.146348876953	-0.0012277135066688062	310784	0.10711725457306209
624000	1240	81009.90316414833	-12538.85	-12529.5	337.5907324432633	-11989.0	-13267.0	-1717.3263	2.2464228	3345.3927221679687	0.0058615366369485855	311808	0.1333176032751039
626000	1244	81288.53308725357	-11842.75	-11792.0	291.5062290568546	-11329.0	-12392.0	-1689.4797	2.2351127	2937.7026354980467	-0.002722623944282532	312832	-0.2330400551322036
628000	1248	81563.2367784977	-11839.0	-11742.0	353.72216275072816	-11316.0	-12545.0	-1593.7686	2.2102115	2644.5972705078125	0.0010267196409404278	313856	-0.1917051797658651
630000	1252	81839.77863097191	-11900.55	-11944.0	380.36222002329913	-11222.0	-12596.0	-1563.5897	2.220554	2692.1049938964843	0.00013273028656840324	314880	0.009647804942253035
632000	1256	82113.5518541336	-12099.5	-12025.5	258.8050475388356	-11781.0	-12698.0	-1467.6544	2.2393482	2175.0712890625	0.0021994684729725123	315904	-0.3849199806609176
634000	1260	82390.82446670532	-11875.5	-11761.0	362.7583652776974	-11351.0	-12506.0	-1379.9692	2.2170825	2794.786867675781	-0.0016487347334623336	316928	0.05083766317974181
636000	1264	82666.75555539131	-11411.0	-11400.5	305.8394831830649	-10936.0	-12089.0	-1175.3354	2.200173	2050.9484783935545	0.00020586958155035972	317952	0.19166410153412394
638000	1268	82943.90908503532	-11637.25	-11650.5	327.38804836237733	-11042.0	-12200.0	-1019.0899	2.213077	2476.177186279297	0.0015254562720656395	318976	0.41159886766775766
640000	1272	83222.79349589348	-11894.75	-11838.5	407.4890860663116	-11097.0	-12625.0	-846.75024	2.212478	3761.7663342285155	0.001289745424874127	320000	0.6209889180764027
642000	1276	83497.61656188965	-12069.1	-12095.0	303.5356391110051	-11524.0	-12535.0	-998.55206	2.214041	8856.269633789063	0.0032850014977157116	320768	0.1328278394346658
644000	1280	83771.77338337898	-12205.1	-12269.0	342.0284537255559	-11384.0	-12717.0	-1329.8591	2.237208	3870.1623071289064	0.0010975847765803336	321792	0.26606716110561646
646000	1284	84048.46118974686	-12168.65	-12070.5	300.1799942490645	-11766.0	-12893.0	-1495.6205	2.2223008	2830.2434033203126	-0.0045818803459405895	322816	0.37927748300864983
648000	1288	84324.60681819916	-11973.4	-11961.0	226.5671504967358	-11382.0	-12346.0	-1623.372	2.2379482	2751.8724072265627	0.000673442967236042	323840	0.04321069348808426
650000	1292	84608.4150261879	-12205.1	-12161.0	338.75156243570535	-11651.0	-12931.0	-1623.9648	2.237745	2192.985321044922	-0.0003918113932013512	324864	0.1837962008679772
652000	1296	84885.19850993156	-12053.65	-12023.5	289.95249610927647	-11637.0	-12584.0	-1614.1715	2.2248404	4012.7243579101564	-0.0005526990443468093	325888	0.08633156772934958
654000	1300	85170.8890171051	-12178.95	-12217.0	342.00084256590577	-11454.0	-12822.0	-1473.2903	2.216267	3646.185986328125	-5.6329462677240374e-05	326912	0.4480328756747809
656000	1304	85447.66535258293	-12435.15	-12412.0	329.1172043672684	-11885.0	-13260.0	-1457.5667	2.2422822	3309.124453125	0.0007505633495748043	327936	0.07420694925358629
658000	1308	85727.38062214851	-11980.7	-12022.0	320.5137487813818	-11228.0	-12513.0	-1446.8335	2.2392347	3518.6546875	0.0018718846887350081	328960	0.3034579349403487
660000	1312	86006.46624350548	-12218.9	-12206.0	375.4751235715259	-11347.0	-12761.0	-1312.7712	2.2479873	2977.1515649414064	-0.0026561692636460064	329984	0.2092122417473914
662000	1316	86281.97255277634	-12412.8	-12423.0	271.1539861601269	-11698.0	-13020.0	-1185.0385	2.2457094	3659.90171875	0.002394535653293133	330752	-0.6745632900384089
664000	1320	86563.57797074318	-12008.3	-12008.0	249.4672428659881	-11550.0	-12472.0	-1063.1427	2.2266133	9601.428623046875	0.0029968389123678205	331776	-0.027769939448703873
666000	1324	86842.72129869461	-12246.85	-12229.5	310.72009319609424	-11784.0	-12735.0	-961.71765	2.2240353	7546.576450195313	-0.0020636496134102344	332800	-0.0010867561943537218
668000	1328	87117.87762403488	-12131.65	-12138.0	360.7793136501797	-11427.0	-12600.0	-1199.1886	2.2334623	2839.914656982422	-0.003808694565668702	333824	-0.02214787534964202
670000	1332	87396.25357103348	-12176.5	-12142.5	390.100324478069	-11588.0	-12964.0	-1456.3835	2.2220402	2718.73486328125	-0.003382336664944887	334848	0.10693356985941682
672000	1336	87672.68310284615	-12388.7	-12342.0	317.7968732249878	-11969.0	-13163.0	-1617.2042	2.2643034	2668.7716857910154	-0.0008353750966489316	335872	-0.4962373534314204
674000	1340	87952.8606364727	-12284.65	-12293.5	295.3050652781753	-11897.0	-13014.0	-1672.9374	2.257949	2899.1898388671875	-0.0050582168065011505	336896	0.27887998735024777
676000	1344	88234.9771642685	-11625.4	-11572.0	369.0248030460255	-10841.0	-12378.0	-1685.4556	2.223523	4024.55208984375	0.0012820563465356827	337920	0.031249923783291056
678000	1348	88515.84879112244	-11361.5	-11368.5	298.39421117568264	-10558.0	-11896.0	-1581.2012	2.1996284	2072.260349121094	-0.0033668428286910057	338944	-0.0035060468333234507
680000	1352	88799.06864643097	-11694.8	-11681.0	252.02497787656725	-11321.0	-12235.0	-1498.1436	2.182351	3263.143408203125	0.0014506205171346664	339968	-0.8592008217498441
682000	1356	89080.65266418457	-11448.25	-11420.0	323.64078121145036	-10828.0	-11956.0	-1466.4432	2.1932714	2788.576174316406	0.0018111538141965867	340992	-0.46140062473650123
684000	1360	89484.59539079666	-11247.2	-11213.5	355.93754626634325	-10645.0	-11759.0	-1327.1913	2.169791	3502.7104345703124	-0.003095797337591648	341760	0.3599517002125231
686000	1364	89796.38685679436	-11677.25	-11684.5	382.38378007331573	-10915.0	-12226.0	-1209.0516	2.189299	2563.5714404296873	-0.00034639526158571245	342784	0.15779851745454276
688000	1368	90109.19311308861	-11458.05	-11439.0	228.9652869576062	-11094.0	-11807.0	-1185.6168	2.1736503	5491.3858715820315	0.0025805139914155005	343808	0.1739437450868585
